# H3+ RealQM Convergence Data
# Columns: Step, Energy, Overlap, Kinetic, Potential, EE_Repulsion

     0     -1.627725    0.00037096      2.649342     -4.013430     -0.263637
     1     -1.674554    0.00030604      2.578159     -4.004201     -0.248513
     2     -1.723440    0.00025823      2.519417     -3.995755     -0.247101
     3     -1.764021    0.00022203      2.469708     -3.987940     -0.245790
     4     -1.798403    0.00019394      2.426797     -3.980640     -0.244560
     5     -1.828008    0.00017166      2.389161     -3.973770     -0.243398
     6     -1.853829    0.00015364      2.355729     -3.967266     -0.242292
     7     -1.876583    0.00013882      2.325728     -3.961075     -0.241236
     8     -1.896804    0.00012645      2.298577     -3.955159     -0.240222
     9     -1.914896    0.00011597      2.273836     -3.949485     -0.239247
    10     -1.931177    0.00010700      2.251156     -3.944028     -0.238305
    11     -1.945898    0.00009924      2.230263     -3.938767     -0.237394
    12     -1.959265    0.00009245      2.210931     -3.933684     -0.236512
    13     -1.971444    0.00008647      2.192975     -3.928764     -0.235655
    14     -1.982575    0.00008116      2.176243     -3.923996     -0.234823
    15     -1.992776    0.00007642      2.160605     -3.919367     -0.234013
    16     -2.002145    0.00007215      2.145949     -3.914869     -0.233225
    17     -2.010769    0.00006829      2.132182     -3.910495     -0.232456
    18     -2.018720    0.00006479      2.119223     -3.906236     -0.231707
    19     -2.026062    0.00006158      2.106999     -3.902086     -0.230976
    20     -2.032852    0.00005865      2.095450     -3.898041     -0.230261
    21     -2.039138    0.00005594      2.084521     -3.894094     -0.229564
    22     -2.044962    0.00005345      2.074162     -3.890242     -0.228882
    23     -2.050364    0.00005113      2.064332     -3.886481     -0.228216
    24     -2.055378    0.00004898      2.054992     -3.882806     -0.227564
    25     -2.060032    0.00004698      2.046108     -3.879214     -0.226926
    26     -2.064356    0.00004510      2.037650     -3.875703     -0.226302
    27     -2.068372    0.00004335      2.029589     -3.872269     -0.225692
    28     -2.072104    0.00004170      2.021900     -3.868910     -0.225094
    29     -2.075571    0.00004015      2.014561     -3.865624     -0.224508
    30     -2.078791    0.00003869      2.007551     -3.862407     -0.223935
    31     -2.081781    0.00003731      2.000851     -3.859258     -0.223373
    32     -2.084522    0.00003600      1.994477     -3.856176     -0.222823
    33     -2.087096    0.00003476      1.988346     -3.853158     -0.222284
    34     -2.089481    0.00003359      1.982476     -3.850202     -0.221756
    35     -2.091689    0.00003247      1.976856     -3.847306     -0.221239
    36     -2.093729    0.00003141      1.971473     -3.844470     -0.220732
    37     -2.095612    0.00003040      1.966314     -3.841692     -0.220235
    38     -2.097347    0.00002943      1.961370     -3.838969     -0.219748
    39     -2.098942    0.00002851      1.956630     -3.836302     -0.219270
    40     -2.100404    0.00002763      1.952086     -3.833688     -0.218802
    41     -2.101742    0.00002679      1.947729     -3.831127     -0.218343
    42     -2.102961    0.00002598      1.943550     -3.828617     -0.217894
    43     -2.104067    0.00002520      1.939543     -3.826157     -0.217453
    44     -2.105067    0.00002446      1.935700     -3.823746     -0.217021
    45     -2.105966    0.00002374      1.932014     -3.821383     -0.216597
    46     -2.106769    0.00002305      1.928481     -3.819067     -0.216182
    47     -2.107480    0.00002239      1.925092     -3.816798     -0.215775
    48     -2.108104    0.00002176      1.921845     -3.814573     -0.215376
    49     -2.108646    0.00002114      1.918732     -3.812393     -0.214985
    50     -2.109108    0.00002055      1.915749     -3.810256     -0.214601
    51     -2.109494    0.00001998      1.912893     -3.808161     -0.214225
    52     -2.109809    0.00001943      1.910157     -3.806109     -0.213857
    53     -2.110055    0.00001890      1.907538     -3.804097     -0.213496
    54     -2.110235    0.00001838      1.905033     -3.802126     -0.213142
    55     -2.110352    0.00001788      1.902637     -3.800194     -0.212795
    56     -2.110409    0.00001740      1.900347     -3.798301     -0.212455
    57     -2.110408    0.00001693      1.898160     -3.796445     -0.212122
    58     -2.110352    0.00001648      1.896071     -3.794628     -0.211796
    59     -2.110243    0.00001604      1.894079     -3.792847     -0.211476
    60     -2.110084    0.00001562      1.892181     -3.791101     -0.211163
    61     -2.109875    0.00001521      1.890372     -3.789392     -0.210856
    62     -2.109620    0.00001481      1.888652     -3.787717     -0.210555
    63     -2.109320    0.00001442      1.887016     -3.786076     -0.210260
    64     -2.108977    0.00001405      1.885464     -3.784470     -0.209972
    65     -2.108593    0.00001368      1.883991     -3.782896     -0.209689
    66     -2.108169    0.00001333      1.882597     -3.781354     -0.209412
    67     -2.107707    0.00001298      1.881279     -3.779844     -0.209141
    68     -2.107207    0.00001265      1.880034     -3.778366     -0.208875
    69     -2.106673    0.00001232      1.878861     -3.776919     -0.208615
    70     -2.106104    0.00001200      1.877758     -3.775502     -0.208361
    71     -2.105503    0.00001169      1.876723     -3.774115     -0.208112
    72     -2.104870    0.00001139      1.875754     -3.772757     -0.207868
    73     -2.104207    0.00001110      1.874849     -3.771427     -0.207629
    74     -2.103515    0.00001082      1.874007     -3.770126     -0.207395
    75     -2.102794    0.00001054      1.873225     -3.768853     -0.207166
    76     -2.102047    0.00001027      1.872504     -3.767608     -0.206943
    77     -2.101273    0.00001000      1.871839     -3.766389     -0.206724
    78     -2.100475    0.00000975      1.871232     -3.765197     -0.206510
    79     -2.099652    0.00000950      1.870679     -3.764030     -0.206300
    80     -2.098806    0.00000925      1.870179     -3.762889     -0.206095
    81     -2.097937    0.00000902      1.869732     -3.761774     -0.205895
    82     -2.097047    0.00000878      1.869335     -3.760683     -0.205699
    83     -2.096136    0.00000856      1.868987     -3.759616     -0.205507
    84     -2.095205    0.00000834      1.868688     -3.758573     -0.205320
    85     -2.094255    0.00000812      1.868436     -3.757554     -0.205137
    86     -2.093286    0.00000791      1.868229     -3.756558     -0.204958
    87     -2.092300    0.00000771      1.868067     -3.755584     -0.204783
    88     -2.091296    0.00000751      1.867949     -3.754633     -0.204612
    89     -2.090276    0.00000731      1.867872     -3.753703     -0.204445
    90     -2.089240    0.00000712      1.867837     -3.752795     -0.204282
    91     -2.088189    0.00000694      1.867842     -3.751908     -0.204123
    92     -2.087123    0.00000675      1.867886     -3.751042     -0.203967
    93     -2.086044    0.00000658      1.867968     -3.750196     -0.203815
    94     -2.084951    0.00000640      1.868087     -3.749370     -0.203667
    95     -2.083845    0.00000623      1.868242     -3.748564     -0.203522
    96     -2.082727    0.00000607      1.868432     -3.747777     -0.203381
    97     -2.081597    0.00000591      1.868656     -3.747010     -0.203243
    98     -2.080455    0.00000575      1.868914     -3.746260     -0.203109
    99     -2.079303    0.00000560      1.869203     -3.745529     -0.202977
   100     -2.078141    0.00000545      1.869525     -3.744817     -0.202849
   101     -2.076969    0.00000530      1.869876     -3.744121     -0.202724
   102     -2.075788    0.00000516      1.870258     -3.743443     -0.202603
   103     -2.074598    0.00000502      1.870668     -3.742782     -0.202484
   104     -2.073400    0.00000488      1.871107     -3.742138     -0.202368
   105     -2.072193    0.00000474      1.871572     -3.741510     -0.202256
   106     -2.070980    0.00000461      1.872064     -3.740898     -0.202146
   107     -2.069759    0.00000449      1.872581     -3.740302     -0.202039
   108     -2.068531    0.00000436      1.873124     -3.739721     -0.201934
   109     -2.067298    0.00000424      1.873690     -3.739155     -0.201833
   110     -2.066058    0.00000412      1.874280     -3.738604     -0.201734
   111     -2.064813    0.00000401      1.874892     -3.738068     -0.201638
   112     -2.063564    0.00000389      1.875526     -3.737546     -0.201544
   113     -2.062309    0.00000378      1.876182     -3.737038     -0.201453
   114     -2.061050    0.00000367      1.876857     -3.736544     -0.201364
   115     -2.059788    0.00000357      1.877553     -3.736063     -0.201278
   116     -2.058522    0.00000346      1.878267     -3.735595     -0.201194
   117     -2.057252    0.00000336      1.879000     -3.735140     -0.201112
   118     -2.055980    0.00000327      1.879750     -3.734698     -0.201033
   119     -2.054706    0.00000317      1.880518     -3.734268     -0.200955
   120     -2.053430    0.00000308      1.881301     -3.733850     -0.200880
   121     -2.052151    0.00000298      1.882101     -3.733444     -0.200808
   122     -2.050872    0.00000290      1.882915     -3.733050     -0.200737
   123     -2.049591    0.00000281      1.883744     -3.732667     -0.200668
   124     -2.048309    0.00000272      1.884587     -3.732295     -0.200601
   125     -2.047027    0.00000264      1.885443     -3.731934     -0.200537
   126     -2.045745    0.00000256      1.886312     -3.731584     -0.200474
   127     -2.044464    0.00000248      1.887193     -3.731244     -0.200413
   128     -2.043182    0.00000240      1.888085     -3.730914     -0.200353
   129     -2.041902    0.00000233      1.888988     -3.730594     -0.200296
   130     -2.040622    0.00000226      1.889902     -3.730284     -0.200240
   131     -2.039345    0.00000218      1.890825     -3.729983     -0.200186
   132     -2.038068    0.00000212      1.891758     -3.729692     -0.200134
   133     -2.036794    0.00000205      1.892699     -3.729410     -0.200083
   134     -2.035522    0.00000198      1.893648     -3.729136     -0.200034
   135     -2.034253    0.00000192      1.894605     -3.728871     -0.199987
   136     -2.032986    0.00000185      1.895569     -3.728614     -0.199941
   137     -2.031723    0.00000179      1.896539     -3.728366     -0.199896
   138     -2.030463    0.00000173      1.897516     -3.728126     -0.199853
   139     -2.029207    0.00000168      1.898498     -3.727893     -0.199811
   140     -2.027954    0.00000162      1.899485     -3.727668     -0.199771
   141     -2.026706    0.00000156      1.900476     -3.727451     -0.199732
   142     -2.025463    0.00000151      1.901472     -3.727241     -0.199694
   143     -2.024224    0.00000146      1.902472     -3.727038     -0.199657
   144     -2.022989    0.00000141      1.903474     -3.726841     -0.199622
   145     -2.021761    0.00000136      1.904479     -3.726652     -0.199588
   146     -2.020537    0.00000131      1.905487     -3.726469     -0.199555
   147     -2.019319    0.00000127      1.906496     -3.726292     -0.199524
   148     -2.018107    0.00000122      1.907507     -3.726122     -0.199493
   149     -2.016902    0.00000118      1.908519     -3.725957     -0.199463
   150     -2.015702    0.00000113      1.909531     -3.725798     -0.199435
   151     -2.014509    0.00000109      1.910543     -3.725645     -0.199407
   152     -2.013323    0.00000105      1.911556     -3.725498     -0.199381
   153     -2.012144    0.00000101      1.912567     -3.725356     -0.199355
   154     -2.010973    0.00000098      1.913577     -3.725219     -0.199331
   155     -2.009808    0.00000094      1.914586     -3.725087     -0.199307
   156     -2.008652    0.00000090      1.915593     -3.724960     -0.199284
   157     -2.007503    0.00000087      1.916598     -3.724838     -0.199263
   158     -2.006362    0.00000084      1.917601     -3.724721     -0.199241
   159     -2.005229    0.00000080      1.918600     -3.724608     -0.199221
   160     -2.004105    0.00000077      1.919596     -3.724499     -0.199202
   161     -2.002989    0.00000074      1.920589     -3.724395     -0.199183
   162     -2.001882    0.00000071      1.921578     -3.724295     -0.199165
   163     -2.000784    0.00000068      1.922562     -3.724199     -0.199148
   164     -1.999695    0.00000066      1.923542     -3.724106     -0.199131
   165     -1.998616    0.00000063      1.924517     -3.724018     -0.199115
   166     -1.997545    0.00000060      1.925487     -3.723933     -0.199100
   167     -1.996485    0.00000058      1.926451     -3.723851     -0.199085
   168     -1.995434    0.00000055      1.927410     -3.723773     -0.199071
   169     -1.994393    0.00000053      1.928363     -3.723698     -0.199058
   170     -1.993362    0.00000051      1.929309     -3.723626     -0.199045
   171     -1.992341    0.00000049      1.930249     -3.723557     -0.199032
   172     -1.991330    0.00000046      1.931182     -3.723492     -0.199021
   173     -1.990330    0.00000044      1.932108     -3.723429     -0.199009
   174     -1.989340    0.00000042      1.933027     -3.723369     -0.198998
   175     -1.988361    0.00000041      1.933938     -3.723311     -0.198988
   176     -1.987393    0.00000039      1.934841     -3.723256     -0.198978
   177     -1.986436    0.00000037      1.935737     -3.723204     -0.198969
   178     -1.985489    0.00000035      1.936624     -3.723154     -0.198960
   179     -1.984554    0.00000034      1.937503     -3.723106     -0.198951
   180     -1.983630    0.00000032      1.938373     -3.723060     -0.198943
   181     -1.982717    0.00000031      1.939235     -3.723017     -0.198935
   182     -1.981815    0.00000029      1.940088     -3.722975     -0.198928
   183     -1.980925    0.00000028      1.940931     -3.722936     -0.198921
   184     -1.980046    0.00000026      1.941765     -3.722898     -0.198914
   185     -1.979179    0.00000025      1.942590     -3.722862     -0.198907
   186     -1.978324    0.00000024      1.943406     -3.722828     -0.198901
   187     -1.977480    0.00000023      1.944211     -3.722796     -0.198896
   188     -1.976648    0.00000022      1.945007     -3.722765     -0.198890
   189     -1.975828    0.00000021      1.945793     -3.722736     -0.198885
   190     -1.975020    0.00000019      1.946568     -3.722708     -0.198880
   191     -1.974223    0.00000018      1.947334     -3.722682     -0.198875
   192     -1.973439    0.00000018      1.948089     -3.722657     -0.198871
   193     -1.972666    0.00000017      1.948834     -3.722633     -0.198866
   194     -1.971905    0.00000016      1.949568     -3.722611     -0.198862
   195     -1.971157    0.00000015      1.950291     -3.722590     -0.198858
   196     -1.970420    0.00000014      1.951004     -3.722569     -0.198855
   197     -1.969695    0.00000013      1.951707     -3.722550     -0.198851
   198     -1.968983    0.00000013      1.952398     -3.722532     -0.198848
   199     -1.968282    0.00000012      1.953079     -3.722516     -0.198845
   200     -1.967593    0.00000011      1.953748     -3.722499     -0.198842
   201     -1.966917    0.00000011      1.954407     -3.722484     -0.198839
   202     -1.966252    0.00000010      1.955055     -3.722470     -0.198837
   203     -1.965600    0.00000009      1.955691     -3.722457     -0.198834
   204     -1.964959    0.00000009      1.956317     -3.722444     -0.198832
   205     -1.964330    0.00000008      1.956932     -3.722432     -0.198830
   206     -1.963713    0.00000008      1.957535     -3.722421     -0.198828
   207     -1.963108    0.00000007      1.958128     -3.722410     -0.198826
   208     -1.962515    0.00000007      1.958709     -3.722400     -0.198824
   209     -1.961934    0.00000006      1.959280     -3.722391     -0.198823
   210     -1.961364    0.00000006      1.959839     -3.722382     -0.198821
   211     -1.960806    0.00000006      1.960387     -3.722374     -0.198820
   212     -1.960260    0.00000005      1.960925     -3.722366     -0.198818
   213     -1.959725    0.00000005      1.961451     -3.722359     -0.198817
   214     -1.959201    0.00000005      1.961967     -3.722352     -0.198816
   215     -1.958689    0.00000004      1.962471     -3.722346     -0.198815
   216     -1.958188    0.00000004      1.962965     -3.722340     -0.198813
   217     -1.957699    0.00000004      1.963448     -3.722335     -0.198812
   218     -1.957221    0.00000004      1.963920     -3.722329     -0.198812
   219     -1.956753    0.00000003      1.964382     -3.722325     -0.198811
   220     -1.956297    0.00000003      1.964833     -3.722320     -0.198810
   221     -1.955852    0.00000003      1.965273     -3.722316     -0.198809
   222     -1.955417    0.00000003      1.965704     -3.722312     -0.198808
   223     -1.954993    0.00000002      1.966123     -3.722309     -0.198808
   224     -1.954580    0.00000002      1.966533     -3.722305     -0.198807
   225     -1.954177    0.00000002      1.966932     -3.722302     -0.198807
   226     -1.953784    0.00000002      1.967321     -3.722299     -0.198806
   227     -1.953402    0.00000002      1.967700     -3.722296     -0.198806
   228     -1.953030    0.00000002      1.968070     -3.722294     -0.198805
   229     -1.952667    0.00000002      1.968429     -3.722292     -0.198805
   230     -1.952315    0.00000001      1.968779     -3.722290     -0.198804
   231     -1.951972    0.00000001      1.969119     -3.722288     -0.198804
   232     -1.951640    0.00000001      1.969450     -3.722286     -0.198804
   233     -1.951316    0.00000001      1.969772     -3.722284     -0.198803
   234     -1.951002    0.00000001      1.970084     -3.722283     -0.198803
   235     -1.950697    0.00000001      1.970387     -3.722281     -0.198803
   236     -1.950401    0.00000001      1.970681     -3.722280     -0.198803
   237     -1.950114    0.00000001      1.970967     -3.722279     -0.198802
   238     -1.949836    0.00000001      1.971244     -3.722278     -0.198802
   239     -1.949567    0.00000001      1.971512     -3.722277     -0.198802
   240     -1.949306    0.00000001      1.971772     -3.722276     -0.198802
   241     -1.949053    0.00000001      1.972023     -3.722275     -0.198802
   242     -1.948809    0.00000001      1.972267     -3.722274     -0.198802
   243     -1.948572    0.00000000      1.972502     -3.722273     -0.198801
   244     -1.948344    0.00000000      1.972730     -3.722273     -0.198801
   245     -1.948123    0.00000000      1.972950     -3.722272     -0.198801
   246     -1.947910    0.00000000      1.973162     -3.722272     -0.198801
   247     -1.947705    0.00000000      1.973367     -3.722271     -0.198801
   248     -1.947506    0.00000000      1.973565     -3.722271     -0.198801
   249     -1.947315    0.00000000      1.973756     -3.722270     -0.198801
   250     -1.947131    0.00000000      1.973940     -3.722270     -0.198801
   251     -1.946954    0.00000000      1.974117     -3.722270     -0.198801
   252     -1.946783    0.00000000      1.974287     -3.722269     -0.198801
   253     -1.946619    0.00000000      1.974451     -3.722269     -0.198801
   254     -1.946461    0.00000000      1.974608     -3.722269     -0.198801
   255     -1.946309    0.00000000      1.974760     -3.722269     -0.198801
   256     -1.946164    0.00000000      1.974905     -3.722268     -0.198801
   257     -1.946024    0.00000000      1.975045     -3.722268     -0.198800
   258     -1.945890    0.00000000      1.975178     -3.722268     -0.198800
   259     -1.945762    0.00000000      1.975307     -3.722268     -0.198800
   260     -1.945639    0.00000000      1.975429     -3.722268     -0.198800
   261     -1.945521    0.00000000      1.975547     -3.722268     -0.198800
   262     -1.945409    0.00000000      1.975659     -3.722268     -0.198800
   263     -1.945301    0.00000000      1.975767     -3.722268     -0.198800
   264     -1.945198    0.00000000      1.975869     -3.722267     -0.198800
   265     -1.945100    0.00000000      1.975967     -3.722267     -0.198800
   266     -1.945007    0.00000000      1.976061     -3.722267     -0.198800
   267     -1.944918    0.00000000      1.976150     -3.722267     -0.198800
   268     -1.944833    0.00000000      1.976235     -3.722267     -0.198800
   269     -1.944752    0.00000000      1.976315     -3.722267     -0.198800
   270     -1.944675    0.00000000      1.976392     -3.722267     -0.198800
   271     -1.944602    0.00000000      1.976465     -3.722267     -0.198800
   272     -1.944533    0.00000000      1.976534     -3.722267     -0.198800
   273     -1.944467    0.00000000      1.976600     -3.722267     -0.198800
   274     -1.944405    0.00000000      1.976663     -3.722267     -0.198800
   275     -1.944346    0.00000000      1.976722     -3.722267     -0.198800
   276     -1.944290    0.00000000      1.976777     -3.722267     -0.198800
   277     -1.944237    0.00000000      1.976830     -3.722267     -0.198800
   278     -1.944187    0.00000000      1.976880     -3.722267     -0.198800
   279     -1.944140    0.00000000      1.976927     -3.722267     -0.198800
   280     -1.944096    0.00000000      1.976971     -3.722267     -0.198800
   281     -1.944054    0.00000000      1.977013     -3.722267     -0.198800
   282     -1.944014    0.00000000      1.977053     -3.722267     -0.198800
   283     -1.943977    0.00000000      1.977090     -3.722267     -0.198800
   284     -1.943943    0.00000000      1.977124     -3.722267     -0.198800
   285     -1.943910    0.00000000      1.977157     -3.722267     -0.198800
   286     -1.943879    0.00000000      1.977188     -3.722267     -0.198800
   287     -1.943851    0.00000000      1.977216     -3.722267     -0.198800
   288     -1.943824    0.00000000      1.977243     -3.722267     -0.198800
   289     -1.943799    0.00000000      1.977268     -3.722267     -0.198800
   290     -1.943776    0.00000000      1.977291     -3.722267     -0.198800
   291     -1.943754    0.00000000      1.977313     -3.722267     -0.198800
   292     -1.943734    0.00000000      1.977334     -3.722267     -0.198800
   293     -1.943715    0.00000000      1.977352     -3.722267     -0.198800
   294     -1.943697    0.00000000      1.977370     -3.722267     -0.198800
   295     -1.943681    0.00000000      1.977386     -3.722267     -0.198800
   296     -1.943666    0.00000000      1.977401     -3.722267     -0.198800
   297     -1.943652    0.00000000      1.977415     -3.722267     -0.198800
   298     -1.943639    0.00000000      1.977428     -3.722267     -0.198800
   299     -1.943627    0.00000000      1.977440     -3.722267     -0.198800
   300     -1.943616    0.00000000      1.977451     -3.722267     -0.198800
   301     -1.943606    0.00000000      1.977461     -3.722267     -0.198800
   302     -1.943597    0.00000000      1.977470     -3.722267     -0.198800
   303     -1.943588    0.00000000      1.977479     -3.722267     -0.198800
   304     -1.943580    0.00000000      1.977487     -3.722267     -0.198800
   305     -1.943573    0.00000000      1.977494     -3.722267     -0.198800
   306     -1.943567    0.00000000      1.977501     -3.722267     -0.198800
   307     -1.943561    0.00000000      1.977507     -3.722267     -0.198800
   308     -1.943555    0.00000000      1.977512     -3.722267     -0.198800
   309     -1.943550    0.00000000      1.977517     -3.722267     -0.198800
   310     -1.943546    0.00000000      1.977521     -3.722267     -0.198800
   311     -1.943542    0.00000000      1.977525     -3.722267     -0.198800
   312     -1.943538    0.00000000      1.977529     -3.722267     -0.198800
   313     -1.943536    0.00000000      1.977531     -3.722267     -0.198800
   314     -1.943536    0.00000000      1.977531     -3.722267     -0.198800
   315     -1.943536    0.00000000      1.977531     -3.722267     -0.198800
   316     -1.943536    0.00000000      1.977531     -3.722267     -0.198800
   317     -1.943536    0.00000000      1.977531     -3.722267     -0.198800
   318     -1.943536    0.00000000      1.977531     -3.722267     -0.198800
   319     -1.943536    0.00000000      1.977531     -3.722267     -0.198800
   320     -1.943536    0.00000000      1.977531     -3.722267     -0.198800
   321     -1.943536    0.00000000      1.977531     -3.722267     -0.198800
   322     -1.943536    0.00000000      1.977531     -3.722267     -0.198800
   323     -1.943536    0.00000000      1.977531     -3.722267     -0.198800
   324     -1.943536    0.00000000      1.977531     -3.722267     -0.198800
   325     -1.943536    0.00000000      1.977531     -3.722267     -0.198800
   326     -1.943536    0.00000000      1.977531     -3.722267     -0.198800
   327     -1.943536    0.00000000      1.977531     -3.722267     -0.198800
   328     -1.943536    0.00000000      1.977531     -3.722267     -0.198800
   329     -1.943536    0.00000000      1.977531     -3.722267     -0.198800
   330     -1.943536    0.00000000      1.977531     -3.722267     -0.198800
   331     -1.943536    0.00000000      1.977531     -3.722267     -0.198800
   332     -1.943536    0.00000000      1.977531     -3.722267     -0.198800
   333     -1.943536    0.00000000      1.977531     -3.722267     -0.198800
   334     -1.943536    0.00000000      1.977531     -3.722267     -0.198800
   335     -1.943536    0.00000000      1.977531     -3.722267     -0.198800
   336     -1.943536    0.00000000      1.977531     -3.722267     -0.198800
   337     -1.943536    0.00000000      1.977531     -3.722267     -0.198800
   338     -1.943536    0.00000000      1.977531     -3.722267     -0.198800
   339     -1.943536    0.00000000      1.977531     -3.722267     -0.198800
   340     -1.943536    0.00000000      1.977531     -3.722267     -0.198800
   341     -1.943536    0.00000000      1.977531     -3.722267     -0.198800
   342     -1.943536    0.00000000      1.977531     -3.722267     -0.198800
   343     -1.943536    0.00000000      1.977531     -3.722267     -0.198800
   344     -1.943536    0.00000000      1.977531     -3.722267     -0.198800
   345     -1.943536    0.00000000      1.977531     -3.722267     -0.198800
   346     -1.943536    0.00000000      1.977531     -3.722267     -0.198800
   347     -1.943536    0.00000000      1.977531     -3.722267     -0.198800
   348     -1.943536    0.00000000      1.977531     -3.722267     -0.198800
   349     -1.943536    0.00000000      1.977531     -3.722267     -0.198800
   350     -1.943536    0.00000000      1.977531     -3.722267     -0.198800
   351     -1.943536    0.00000000      1.977531     -3.722267     -0.198800
   352     -1.943536    0.00000000      1.977531     -3.722267     -0.198800
   353     -1.943536    0.00000000      1.977531     -3.722267     -0.198800
   354     -1.943536    0.00000000      1.977531     -3.722267     -0.198800
   355     -1.943536    0.00000000      1.977531     -3.722267     -0.198800
   356     -1.943536    0.00000000      1.977531     -3.722267     -0.198800
   357     -1.943536    0.00000000      1.977531     -3.722267     -0.198800
   358     -1.943536    0.00000000      1.977531     -3.722267     -0.198800
   359     -1.943536    0.00000000      1.977531     -3.722267     -0.198800
   360     -1.943536    0.00000000      1.977531     -3.722267     -0.198800
   361     -1.943536    0.00000000      1.977531     -3.722267     -0.198800
   362     -1.943536    0.00000000      1.977531     -3.722267     -0.198800
   363     -1.943536    0.00000000      1.977531     -3.722267     -0.198800
   364     -1.943536    0.00000000      1.977531     -3.722267     -0.198800
   365     -1.943536    0.00000000      1.977531     -3.722267     -0.198800
   366     -1.943536    0.00000000      1.977531     -3.722267     -0.198800
   367     -1.943536    0.00000000      1.977531     -3.722267     -0.198800
   368     -1.943536    0.00000000      1.977531     -3.722267     -0.198800
   369     -1.943536    0.00000000      1.977531     -3.722267     -0.198800
   370     -1.943536    0.00000000      1.977531     -3.722267     -0.198800
   371     -1.943536    0.00000000      1.977531     -3.722267     -0.198800
   372     -1.943536    0.00000000      1.977531     -3.722267     -0.198800
   373     -1.943536    0.00000000      1.977531     -3.722267     -0.198800
   374     -1.943536    0.00000000      1.977531     -3.722267     -0.198800
   375     -1.943536    0.00000000      1.977531     -3.722267     -0.198800
   376     -1.943536    0.00000000      1.977531     -3.722267     -0.198800
   377     -1.943536    0.00000000      1.977531     -3.722267     -0.198800
   378     -1.943536    0.00000000      1.977531     -3.722267     -0.198800
   379     -1.943536    0.00000000      1.977531     -3.722267     -0.198800
   380     -1.943536    0.00000000      1.977531     -3.722267     -0.198800
   381     -1.943536    0.00000000      1.977531     -3.722267     -0.198800
   382     -1.943536    0.00000000      1.977531     -3.722267     -0.198800
   383     -1.943536    0.00000000      1.977531     -3.722267     -0.198800
   384     -1.943536    0.00000000      1.977531     -3.722267     -0.198800
   385     -1.943536    0.00000000      1.977531     -3.722267     -0.198800
   386     -1.943536    0.00000000      1.977531     -3.722267     -0.198800
   387     -1.943536    0.00000000      1.977531     -3.722267     -0.198800
   388     -1.943536    0.00000000      1.977531     -3.722267     -0.198800
   389     -1.943536    0.00000000      1.977531     -3.722267     -0.198800
   390     -1.943536    0.00000000      1.977531     -3.722267     -0.198800
   391     -1.943536    0.00000000      1.977531     -3.722267     -0.198800
   392     -1.943536    0.00000000      1.977531     -3.722267     -0.198800
   393     -1.943536    0.00000000      1.977531     -3.722267     -0.198800
   394     -1.943536    0.00000000      1.977531     -3.722267     -0.198800
   395     -1.943536    0.00000000      1.977531     -3.722267     -0.198800
   396     -1.943536    0.00000000      1.977531     -3.722267     -0.198800
   397     -1.943536    0.00000000      1.977531     -3.722267     -0.198800
   398     -1.943536    0.00000000      1.977531     -3.722267     -0.198800
   399     -1.943536    0.00000000      1.977531     -3.722267     -0.198800
   400     -1.943536    0.00000000      1.977531     -3.722267     -0.198800
   401     -1.943536    0.00000000      1.977531     -3.722267     -0.198800
   402     -1.943536    0.00000000      1.977531     -3.722267     -0.198800
   403     -1.943536    0.00000000      1.977531     -3.722267     -0.198800
   404     -1.943536    0.00000000      1.977531     -3.722267     -0.198800
   405     -1.943536    0.00000000      1.977531     -3.722267     -0.198800
   406     -1.943536    0.00000000      1.977531     -3.722267     -0.198800
   407     -1.943536    0.00000000      1.977531     -3.722267     -0.198800
   408     -1.943536    0.00000000      1.977531     -3.722267     -0.198800
   409     -1.943536    0.00000000      1.977531     -3.722267     -0.198800
   410     -1.943536    0.00000000      1.977531     -3.722267     -0.198800
   411     -1.943536    0.00000000      1.977531     -3.722267     -0.198800
   412     -1.943536    0.00000000      1.977531     -3.722267     -0.198800
   413     -1.943536    0.00000000      1.977531     -3.722267     -0.198800
   414     -1.943536    0.00000000      1.977531     -3.722267     -0.198800
   415     -1.943536    0.00000000      1.977531     -3.722267     -0.198800
   416     -1.943536    0.00000000      1.977531     -3.722267     -0.198800
   417     -1.943536    0.00000000      1.977531     -3.722267     -0.198800
   418     -1.943536    0.00000000      1.977531     -3.722267     -0.198800
   419     -1.943536    0.00000000      1.977531     -3.722267     -0.198800
   420     -1.943536    0.00000000      1.977531     -3.722267     -0.198800
   421     -1.943536    0.00000000      1.977531     -3.722267     -0.198800
   422     -1.943536    0.00000000      1.977531     -3.722267     -0.198800
   423     -1.943536    0.00000000      1.977531     -3.722267     -0.198800
   424     -1.943536    0.00000000      1.977531     -3.722267     -0.198800
   425     -1.943536    0.00000000      1.977531     -3.722267     -0.198800
   426     -1.943536    0.00000000      1.977531     -3.722267     -0.198800
   427     -1.943536    0.00000000      1.977531     -3.722267     -0.198800
   428     -1.943536    0.00000000      1.977531     -3.722267     -0.198800
   429     -1.943536    0.00000000      1.977531     -3.722267     -0.198800
   430     -1.943536    0.00000000      1.977531     -3.722267     -0.198800
   431     -1.943536    0.00000000      1.977531     -3.722267     -0.198800
   432     -1.943536    0.00000000      1.977531     -3.722267     -0.198800
   433     -1.943536    0.00000000      1.977531     -3.722267     -0.198800
   434     -1.943536    0.00000000      1.977531     -3.722267     -0.198800
   435     -1.943536    0.00000000      1.977531     -3.722267     -0.198800
   436     -1.943536    0.00000000      1.977531     -3.722267     -0.198800
   437     -1.943536    0.00000000      1.977531     -3.722267     -0.198800
   438     -1.943536    0.00000000      1.977531     -3.722267     -0.198800
   439     -1.943536    0.00000000      1.977531     -3.722267     -0.198800
   440     -1.943536    0.00000000      1.977531     -3.722267     -0.198800
   441     -1.943536    0.00000000      1.977531     -3.722267     -0.198800
   442     -1.943536    0.00000000      1.977531     -3.722267     -0.198800
   443     -1.943536    0.00000000      1.977531     -3.722267     -0.198800
   444     -1.943536    0.00000000      1.977531     -3.722267     -0.198800
   445     -1.943536    0.00000000      1.977531     -3.722267     -0.198800
   446     -1.943536    0.00000000      1.977531     -3.722267     -0.198800
   447     -1.943536    0.00000000      1.977531     -3.722267     -0.198800
   448     -1.943536    0.00000000      1.977531     -3.722267     -0.198800
   449     -1.943536    0.00000000      1.977531     -3.722267     -0.198800
   450     -1.943536    0.00000000      1.977531     -3.722267     -0.198800
   451     -1.943536    0.00000000      1.977531     -3.722267     -0.198800
   452     -1.943536    0.00000000      1.977531     -3.722267     -0.198800
   453     -1.943536    0.00000000      1.977531     -3.722267     -0.198800
   454     -1.943536    0.00000000      1.977531     -3.722267     -0.198800
   455     -1.943536    0.00000000      1.977531     -3.722267     -0.198800
   456     -1.943536    0.00000000      1.977531     -3.722267     -0.198800
   457     -1.943536    0.00000000      1.977531     -3.722267     -0.198800
   458     -1.943536    0.00000000      1.977531     -3.722267     -0.198800
   459     -1.943536    0.00000000      1.977531     -3.722267     -0.198800
   460     -1.943536    0.00000000      1.977531     -3.722267     -0.198800
   461     -1.943536    0.00000000      1.977531     -3.722267     -0.198800
   462     -1.943536    0.00000000      1.977531     -3.722267     -0.198800
   463     -1.943536    0.00000000      1.977531     -3.722267     -0.198800
   464     -1.943536    0.00000000      1.977531     -3.722267     -0.198800
   465     -1.943536    0.00000000      1.977531     -3.722267     -0.198800
   466     -1.943536    0.00000000      1.977531     -3.722267     -0.198800
   467     -1.943536    0.00000000      1.977531     -3.722267     -0.198800
   468     -1.943536    0.00000000      1.977531     -3.722267     -0.198800
   469     -1.943536    0.00000000      1.977531     -3.722267     -0.198800
   470     -1.943536    0.00000000      1.977531     -3.722267     -0.198800
   471     -1.943536    0.00000000      1.977531     -3.722267     -0.198800
   472     -1.943536    0.00000000      1.977531     -3.722267     -0.198800
   473     -1.943536    0.00000000      1.977531     -3.722267     -0.198800
   474     -1.943536    0.00000000      1.977531     -3.722267     -0.198800
   475     -1.943536    0.00000000      1.977531     -3.722267     -0.198800
   476     -1.943536    0.00000000      1.977531     -3.722267     -0.198800
   477     -1.943536    0.00000000      1.977531     -3.722267     -0.198800
   478     -1.943536    0.00000000      1.977531     -3.722267     -0.198800
   479     -1.943536    0.00000000      1.977531     -3.722267     -0.198800
   480     -1.943536    0.00000000      1.977531     -3.722267     -0.198800
   481     -1.943536    0.00000000      1.977531     -3.722267     -0.198800
   482     -1.943536    0.00000000      1.977531     -3.722267     -0.198800
   483     -1.943536    0.00000000      1.977531     -3.722267     -0.198800
   484     -1.943536    0.00000000      1.977531     -3.722267     -0.198800
   485     -1.943536    0.00000000      1.977531     -3.722267     -0.198800
   486     -1.943536    0.00000000      1.977531     -3.722267     -0.198800
   487     -1.943536    0.00000000      1.977531     -3.722267     -0.198800
   488     -1.943536    0.00000000      1.977531     -3.722267     -0.198800
   489     -1.943536    0.00000000      1.977531     -3.722267     -0.198800
   490     -1.943536    0.00000000      1.977531     -3.722267     -0.198800
   491     -1.943536    0.00000000      1.977531     -3.722267     -0.198800
   492     -1.943536    0.00000000      1.977531     -3.722267     -0.198800
   493     -1.943536    0.00000000      1.977531     -3.722267     -0.198800
   494     -1.943536    0.00000000      1.977531     -3.722267     -0.198800
   495     -1.943536    0.00000000      1.977531     -3.722267     -0.198800
   496     -1.943536    0.00000000      1.977531     -3.722267     -0.198800
   497     -1.943536    0.00000000      1.977531     -3.722267     -0.198800
   498     -1.943536    0.00000000      1.977531     -3.722267     -0.198800
   499     -1.943536    0.00000000      1.977531     -3.722267     -0.198800
