# H3+ RealQM Convergence Data
# Columns: Step, Energy, Overlap, Kinetic, Potential, EE_Repulsion

     0     -1.543845    0.00037016      2.664392     -3.943868     -0.264370
     1     -1.593957    0.00030424      2.592155     -3.936879     -0.249234
     2     -1.645531    0.00025608      2.532665     -3.930376     -0.247821
     3     -1.688408    0.00021985      2.482367     -3.924266     -0.246508
     4     -1.724808    0.00019189      2.438952     -3.918482     -0.245277
     5     -1.756222    0.00016981      2.400865     -3.912973     -0.244114
     6     -1.783683    0.00015201      2.367022     -3.907699     -0.243007
     7     -1.807936    0.00013741      2.336642     -3.902629     -0.241949
     8     -1.829532    0.00012523      2.309144     -3.897742     -0.240934
     9     -1.848892    0.00011493      2.284081     -3.893016     -0.239957
    10     -1.866346    0.00010612      2.261107     -3.888438     -0.239014
    11     -1.882154    0.00009849      2.239943     -3.883995     -0.238102
    12     -1.896531    0.00009182      2.220363     -3.879675     -0.237218
    13     -1.909651    0.00008595      2.202181     -3.875472     -0.236361
    14     -1.921662    0.00008073      2.185241     -3.871376     -0.235527
    15     -1.932687    0.00007606      2.169412     -3.867382     -0.234716
    16     -1.942829    0.00007186      2.154581     -3.863484     -0.233927
    17     -1.952181    0.00006806      2.140654     -3.859677     -0.233157
    18     -1.960818    0.00006460      2.127547     -3.855958     -0.232407
    19     -1.968809    0.00006144      2.115187     -3.852321     -0.231675
    20     -1.976212    0.00005854      2.103512     -3.848764     -0.230960
    21     -1.983080    0.00005587      2.092465     -3.845284     -0.230261
    22     -1.989458    0.00005340      2.081999     -3.841878     -0.229579
    23     -1.995387    0.00005111      2.072068     -3.838543     -0.228912
    24     -2.000902    0.00004898      2.062634     -3.835277     -0.228259
    25     -2.006035    0.00004699      2.053663     -3.832078     -0.227621
    26     -2.010817    0.00004514      2.045122     -3.828944     -0.226996
    27     -2.015272    0.00004339      2.036984     -3.825872     -0.226384
    28     -2.019424    0.00004176      2.029223     -3.822862     -0.225786
    29     -2.023294    0.00004022      2.021816     -3.819911     -0.225200
    30     -2.026902    0.00003876      2.014742     -3.817018     -0.224626
    31     -2.030264    0.00003739      2.007982     -3.814182     -0.224064
    32     -2.033368    0.00003609      2.001546     -3.811402     -0.223513
    33     -2.036287    0.00003486      1.995361     -3.808675     -0.222973
    34     -2.039005    0.00003369      1.989440     -3.806001     -0.222445
    35     -2.041534    0.00003258      1.983771     -3.803378     -0.221927
    36     -2.043884    0.00003152      1.978341     -3.800806     -0.221419
    37     -2.046067    0.00003051      1.973138     -3.798283     -0.220922
    38     -2.048092    0.00002954      1.968151     -3.795809     -0.220434
    39     -2.049967    0.00002862      1.963371     -3.793382     -0.219956
    40     -2.051701    0.00002774      1.958788     -3.791001     -0.219488
    41     -2.053301    0.00002690      1.954393     -3.788666     -0.219029
    42     -2.054775    0.00002609      1.950178     -3.786375     -0.218578
    43     -2.056129    0.00002532      1.946136     -3.784128     -0.218137
    44     -2.057369    0.00002457      1.942260     -3.781924     -0.217705
    45     -2.058500    0.00002386      1.938543     -3.779762     -0.217281
    46     -2.059529    0.00002317      1.934978     -3.777642     -0.216865
    47     -2.060460    0.00002251      1.931560     -3.775562     -0.216458
    48     -2.061297    0.00002187      1.928283     -3.773522     -0.216058
    49     -2.062046    0.00002125      1.925143     -3.771522     -0.215667
    50     -2.062710    0.00002066      1.922133     -3.769560     -0.215283
    51     -2.063293    0.00002009      1.919250     -3.767635     -0.214907
    52     -2.063798    0.00001954      1.916489     -3.765748     -0.214538
    53     -2.064230    0.00001900      1.913845     -3.763898     -0.214177
    54     -2.064591    0.00001849      1.911316     -3.762084     -0.213823
    55     -2.064884    0.00001799      1.908896     -3.760305     -0.213476
    56     -2.065113    0.00001750      1.906583     -3.758560     -0.213136
    57     -2.065279    0.00001704      1.904373     -3.756850     -0.212802
    58     -2.065386    0.00001658      1.902263     -3.755174     -0.212476
    59     -2.065436    0.00001614      1.900250     -3.753531     -0.212155
    60     -2.065432    0.00001572      1.898330     -3.751920     -0.211842
    61     -2.065374    0.00001531      1.896501     -3.750341     -0.211535
    62     -2.065267    0.00001490      1.894761     -3.748794     -0.211234
    63     -2.065111    0.00001452      1.893105     -3.747278     -0.210939
    64     -2.064908    0.00001414      1.891533     -3.745792     -0.210650
    65     -2.064661    0.00001377      1.890042     -3.744336     -0.210367
    66     -2.064371    0.00001341      1.888629     -3.742910     -0.210090
    67     -2.064039    0.00001307      1.887292     -3.741512     -0.209819
    68     -2.063667    0.00001273      1.886029     -3.740144     -0.209553
    69     -2.063257    0.00001240      1.884839     -3.738803     -0.209293
    70     -2.062811    0.00001208      1.883718     -3.737490     -0.209038
    71     -2.062328    0.00001177      1.882665     -3.736205     -0.208789
    72     -2.061812    0.00001147      1.881679     -3.734946     -0.208545
    73     -2.061262    0.00001118      1.880757     -3.733713     -0.208306
    74     -2.060681    0.00001089      1.879898     -3.732507     -0.208072
    75     -2.060069    0.00001061      1.879100     -3.731326     -0.207843
    76     -2.059428    0.00001034      1.878361     -3.730170     -0.207619
    77     -2.058758    0.00001008      1.877680     -3.729038     -0.207400
    78     -2.058061    0.00000982      1.877056     -3.727931     -0.207186
    79     -2.057337    0.00000957      1.876487     -3.726848     -0.206976
    80     -2.056588    0.00000932      1.875971     -3.725788     -0.206771
    81     -2.055815    0.00000908      1.875508     -3.724752     -0.206571
    82     -2.055018    0.00000885      1.875095     -3.723738     -0.206375
    83     -2.054198    0.00000862      1.874732     -3.722747     -0.206183
    84     -2.053356    0.00000840      1.874417     -3.721777     -0.205996
    85     -2.052493    0.00000818      1.874149     -3.720829     -0.205812
    86     -2.051610    0.00000797      1.873926     -3.719903     -0.205633
    87     -2.050707    0.00000776      1.873749     -3.718997     -0.205458
    88     -2.049785    0.00000756      1.873614     -3.718112     -0.205287
    89     -2.048845    0.00000737      1.873522     -3.717247     -0.205120
    90     -2.047888    0.00000717      1.873471     -3.716402     -0.204957
    91     -2.046914    0.00000699      1.873461     -3.715577     -0.204798
    92     -2.045924    0.00000680      1.873489     -3.714770     -0.204642
    93     -2.044918    0.00000663      1.873555     -3.713983     -0.204490
    94     -2.043897    0.00000645      1.873659     -3.713214     -0.204342
    95     -2.042862    0.00000628      1.873798     -3.712464     -0.204197
    96     -2.041814    0.00000611      1.873973     -3.711731     -0.204056
    97     -2.040752    0.00000595      1.874181     -3.711016     -0.203918
    98     -2.039678    0.00000579      1.874423     -3.710318     -0.203783
    99     -2.038591    0.00000564      1.874697     -3.709637     -0.203652
   100     -2.037493    0.00000549      1.875003     -3.708972     -0.203524
   101     -2.036385    0.00000534      1.875339     -3.708325     -0.203399
   102     -2.035265    0.00000519      1.875705     -3.707693     -0.203277
   103     -2.034136    0.00000505      1.876099     -3.707077     -0.203158
   104     -2.032997    0.00000492      1.876521     -3.706476     -0.203043
   105     -2.031849    0.00000478      1.876971     -3.705890     -0.202930
   106     -2.030693    0.00000465      1.877447     -3.705320     -0.202820
   107     -2.029528    0.00000452      1.877949     -3.704764     -0.202713
   108     -2.028356    0.00000440      1.878475     -3.704223     -0.202608
   109     -2.027177    0.00000427      1.879025     -3.703695     -0.202507
   110     -2.025990    0.00000415      1.879599     -3.703181     -0.202408
   111     -2.024798    0.00000404      1.880195     -3.702681     -0.202312
   112     -2.023599    0.00000392      1.880813     -3.702194     -0.202218
   113     -2.022395    0.00000381      1.881452     -3.701721     -0.202127
   114     -2.021186    0.00000370      1.882111     -3.701259     -0.202038
   115     -2.019972    0.00000360      1.882790     -3.700811     -0.201951
   116     -2.018754    0.00000349      1.883488     -3.700375     -0.201867
   117     -2.017532    0.00000339      1.884204     -3.699950     -0.201786
   118     -2.016306    0.00000329      1.884938     -3.699538     -0.201706
   119     -2.015077    0.00000319      1.885689     -3.699137     -0.201629
   120     -2.013845    0.00000310      1.886456     -3.698747     -0.201554
   121     -2.012611    0.00000301      1.887239     -3.698368     -0.201481
   122     -2.011374    0.00000292      1.888036     -3.698000     -0.201410
   123     -2.010136    0.00000283      1.888849     -3.697643     -0.201342
   124     -2.008896    0.00000275      1.889675     -3.697296     -0.201275
   125     -2.007655    0.00000266      1.890514     -3.696959     -0.201210
   126     -2.006414    0.00000258      1.891365     -3.696632     -0.201147
   127     -2.005172    0.00000250      1.892229     -3.696315     -0.201086
   128     -2.003929    0.00000242      1.893104     -3.696007     -0.201027
   129     -2.002687    0.00000235      1.893990     -3.695708     -0.200969
   130     -2.001446    0.00000227      1.894887     -3.695419     -0.200914
   131     -2.000205    0.00000220      1.895793     -3.695138     -0.200860
   132     -1.998966    0.00000213      1.896708     -3.694866     -0.200807
   133     -1.997728    0.00000206      1.897631     -3.694603     -0.200757
   134     -1.996492    0.00000200      1.898563     -3.694347     -0.200707
   135     -1.995257    0.00000193      1.899503     -3.694100     -0.200660
   136     -1.994025    0.00000187      1.900449     -3.693861     -0.200614
   137     -1.992796    0.00000181      1.901402     -3.693629     -0.200569
   138     -1.991569    0.00000175      1.902361     -3.693405     -0.200526
   139     -1.990346    0.00000169      1.903326     -3.693188     -0.200484
   140     -1.989126    0.00000163      1.904295     -3.692978     -0.200444
   141     -1.987910    0.00000158      1.905269     -3.692775     -0.200405
   142     -1.986698    0.00000152      1.906248     -3.692579     -0.200367
   143     -1.985490    0.00000147      1.907230     -3.692389     -0.200331
   144     -1.984287    0.00000142      1.908215     -3.692206     -0.200295
   145     -1.983088    0.00000137      1.909202     -3.692029     -0.200261
   146     -1.981894    0.00000132      1.910192     -3.691858     -0.200228
   147     -1.980706    0.00000128      1.911184     -3.691693     -0.200197
   148     -1.979523    0.00000123      1.912177     -3.691534     -0.200166
   149     -1.978346    0.00000119      1.913171     -3.691381     -0.200136
   150     -1.977175    0.00000114      1.914166     -3.691233     -0.200108
   151     -1.976010    0.00000110      1.915161     -3.691090     -0.200080
   152     -1.974851    0.00000106      1.916155     -3.690952     -0.200054
   153     -1.973699    0.00000102      1.917149     -3.690820     -0.200028
   154     -1.972554    0.00000098      1.918142     -3.690692     -0.200004
   155     -1.971416    0.00000095      1.919134     -3.690569     -0.199980
   156     -1.970285    0.00000091      1.920123     -3.690451     -0.199957
   157     -1.969162    0.00000088      1.921111     -3.690337     -0.199935
   158     -1.968046    0.00000084      1.922096     -3.690227     -0.199914
   159     -1.966938    0.00000081      1.923078     -3.690122     -0.199894
   160     -1.965838    0.00000078      1.924057     -3.690021     -0.199875
   161     -1.964747    0.00000075      1.925032     -3.689923     -0.199856
   162     -1.963664    0.00000072      1.926004     -3.689830     -0.199838
   163     -1.962589    0.00000069      1.926971     -3.689740     -0.199821
   164     -1.961524    0.00000066      1.927934     -3.689654     -0.199804
   165     -1.960467    0.00000063      1.928892     -3.689571     -0.199788
   166     -1.959419    0.00000061      1.929845     -3.689492     -0.199773
   167     -1.958381    0.00000058      1.930793     -3.689416     -0.199758
   168     -1.957352    0.00000056      1.931735     -3.689343     -0.199744
   169     -1.956333    0.00000053      1.932671     -3.689273     -0.199731
   170     -1.955323    0.00000051      1.933601     -3.689206     -0.199718
   171     -1.954323    0.00000049      1.934524     -3.689142     -0.199705
   172     -1.953333    0.00000047      1.935441     -3.689081     -0.199693
   173     -1.952354    0.00000045      1.936351     -3.689022     -0.199682
   174     -1.951384    0.00000043      1.937253     -3.688966     -0.199671
   175     -1.950425    0.00000041      1.938148     -3.688912     -0.199661
   176     -1.949476    0.00000039      1.939036     -3.688861     -0.199651
   177     -1.948538    0.00000037      1.939915     -3.688812     -0.199642
   178     -1.947611    0.00000036      1.940787     -3.688765     -0.199633
   179     -1.946695    0.00000034      1.941650     -3.688721     -0.199624
   180     -1.945789    0.00000032      1.942505     -3.688678     -0.199616
   181     -1.944894    0.00000031      1.943352     -3.688638     -0.199608
   182     -1.944011    0.00000029      1.944189     -3.688599     -0.199601
   183     -1.943138    0.00000028      1.945018     -3.688562     -0.199593
   184     -1.942277    0.00000027      1.945837     -3.688527     -0.199587
   185     -1.941427    0.00000025      1.946647     -3.688494     -0.199580
   186     -1.940589    0.00000024      1.947448     -3.688462     -0.199574
   187     -1.939762    0.00000023      1.948239     -3.688432     -0.199568
   188     -1.938946    0.00000022      1.949020     -3.688404     -0.199563
   189     -1.938142    0.00000021      1.949792     -3.688376     -0.199558
   190     -1.937350    0.00000020      1.950553     -3.688351     -0.199553
   191     -1.936569    0.00000019      1.951305     -3.688326     -0.199548
   192     -1.935800    0.00000018      1.952046     -3.688303     -0.199543
   193     -1.935043    0.00000017      1.952777     -3.688281     -0.199539
   194     -1.934297    0.00000016      1.953498     -3.688260     -0.199535
   195     -1.933563    0.00000015      1.954209     -3.688240     -0.199531
   196     -1.932841    0.00000014      1.954908     -3.688221     -0.199528
   197     -1.932130    0.00000013      1.955598     -3.688204     -0.199524
   198     -1.931431    0.00000013      1.956276     -3.688187     -0.199521
   199     -1.930745    0.00000012      1.956945     -3.688171     -0.199518
   200     -1.930069    0.00000011      1.957602     -3.688156     -0.199515
   201     -1.929406    0.00000011      1.958248     -3.688142     -0.199512
   202     -1.928754    0.00000010      1.958884     -3.688129     -0.199510
   203     -1.928115    0.00000009      1.959509     -3.688116     -0.199507
   204     -1.927486    0.00000009      1.960123     -3.688105     -0.199505
   205     -1.926870    0.00000008      1.960726     -3.688093     -0.199503
   206     -1.926265    0.00000008      1.961319     -3.688083     -0.199501
   207     -1.925672    0.00000007      1.961900     -3.688073     -0.199499
   208     -1.925090    0.00000007      1.962471     -3.688064     -0.199497
   209     -1.924520    0.00000007      1.963030     -3.688055     -0.199495
   210     -1.923962    0.00000006      1.963579     -3.688047     -0.199494
   211     -1.923414    0.00000006      1.964117     -3.688039     -0.199492
   212     -1.922879    0.00000005      1.964645     -3.688032     -0.199491
   213     -1.922354    0.00000005      1.965161     -3.688026     -0.199490
   214     -1.921841    0.00000005      1.965667     -3.688019     -0.199488
   215     -1.921339    0.00000004      1.966162     -3.688013     -0.199487
   216     -1.920848    0.00000004      1.966646     -3.688008     -0.199486
   217     -1.920368    0.00000004      1.967120     -3.688003     -0.199485
   218     -1.919899    0.00000004      1.967583     -3.687998     -0.199484
   219     -1.919441    0.00000003      1.968036     -3.687994     -0.199483
   220     -1.918994    0.00000003      1.968479     -3.687989     -0.199483
   221     -1.918557    0.00000003      1.968911     -3.687986     -0.199482
   222     -1.918131    0.00000003      1.969333     -3.687982     -0.199481
   223     -1.917715    0.00000003      1.969744     -3.687979     -0.199481
   224     -1.917310    0.00000002      1.970146     -3.687976     -0.199480
   225     -1.916915    0.00000002      1.970537     -3.687973     -0.199479
   226     -1.916530    0.00000002      1.970919     -3.687970     -0.199479
   227     -1.916155    0.00000002      1.971291     -3.687967     -0.199478
   228     -1.915790    0.00000002      1.971653     -3.687965     -0.199478
   229     -1.915435    0.00000002      1.972006     -3.687963     -0.199478
   230     -1.915090    0.00000001      1.972349     -3.687961     -0.199477
   231     -1.914754    0.00000001      1.972682     -3.687959     -0.199477
   232     -1.914427    0.00000001      1.973007     -3.687958     -0.199476
   233     -1.914110    0.00000001      1.973322     -3.687956     -0.199476
   234     -1.913802    0.00000001      1.973628     -3.687955     -0.199476
   235     -1.913503    0.00000001      1.973926     -3.687953     -0.199476
   236     -1.913213    0.00000001      1.974214     -3.687952     -0.199475
   237     -1.912932    0.00000001      1.974494     -3.687951     -0.199475
   238     -1.912659    0.00000001      1.974766     -3.687950     -0.199475
   239     -1.912395    0.00000001      1.975029     -3.687949     -0.199475
   240     -1.912140    0.00000001      1.975283     -3.687948     -0.199475
   241     -1.911892    0.00000001      1.975530     -3.687947     -0.199474
   242     -1.911652    0.00000001      1.975769     -3.687947     -0.199474
   243     -1.911421    0.00000000      1.976000     -3.687946     -0.199474
   244     -1.911197    0.00000000      1.976223     -3.687945     -0.199474
   245     -1.910981    0.00000000      1.976438     -3.687945     -0.199474
   246     -1.910772    0.00000000      1.976647     -3.687944     -0.199474
   247     -1.910570    0.00000000      1.976848     -3.687944     -0.199474
   248     -1.910376    0.00000000      1.977042     -3.687944     -0.199474
   249     -1.910188    0.00000000      1.977228     -3.687943     -0.199474
   250     -1.910008    0.00000000      1.977409     -3.687943     -0.199474
   251     -1.909834    0.00000000      1.977582     -3.687943     -0.199474
   252     -1.909667    0.00000000      1.977749     -3.687942     -0.199473
   253     -1.909506    0.00000000      1.977910     -3.687942     -0.199473
   254     -1.909351    0.00000000      1.978064     -3.687942     -0.199473
   255     -1.909202    0.00000000      1.978213     -3.687942     -0.199473
   256     -1.909060    0.00000000      1.978355     -3.687941     -0.199473
   257     -1.908923    0.00000000      1.978492     -3.687941     -0.199473
   258     -1.908792    0.00000000      1.978623     -3.687941     -0.199473
   259     -1.908666    0.00000000      1.978748     -3.687941     -0.199473
   260     -1.908545    0.00000000      1.978869     -3.687941     -0.199473
   261     -1.908430    0.00000000      1.978984     -3.687941     -0.199473
   262     -1.908320    0.00000000      1.979094     -3.687941     -0.199473
   263     -1.908214    0.00000000      1.979200     -3.687941     -0.199473
   264     -1.908114    0.00000000      1.979300     -3.687941     -0.199473
   265     -1.908018    0.00000000      1.979396     -3.687940     -0.199473
   266     -1.907926    0.00000000      1.979488     -3.687940     -0.199473
   267     -1.907838    0.00000000      1.979575     -3.687940     -0.199473
   268     -1.907755    0.00000000      1.979658     -3.687940     -0.199473
   269     -1.907676    0.00000000      1.979737     -3.687940     -0.199473
   270     -1.907601    0.00000000      1.979813     -3.687940     -0.199473
   271     -1.907529    0.00000000      1.979884     -3.687940     -0.199473
   272     -1.907461    0.00000000      1.979952     -3.687940     -0.199473
   273     -1.907397    0.00000000      1.980016     -3.687940     -0.199473
   274     -1.907336    0.00000000      1.980077     -3.687940     -0.199473
   275     -1.907278    0.00000000      1.980135     -3.687940     -0.199473
   276     -1.907223    0.00000000      1.980190     -3.687940     -0.199473
   277     -1.907171    0.00000000      1.980242     -3.687940     -0.199473
   278     -1.907123    0.00000000      1.980291     -3.687940     -0.199473
   279     -1.907076    0.00000000      1.980337     -3.687940     -0.199473
   280     -1.907033    0.00000000      1.980380     -3.687940     -0.199473
   281     -1.906992    0.00000000      1.980421     -3.687940     -0.199473
   282     -1.906953    0.00000000      1.980460     -3.687940     -0.199473
   283     -1.906917    0.00000000      1.980496     -3.687940     -0.199473
   284     -1.906883    0.00000000      1.980530     -3.687940     -0.199473
   285     -1.906851    0.00000000      1.980562     -3.687940     -0.199473
   286     -1.906821    0.00000000      1.980592     -3.687940     -0.199473
   287     -1.906793    0.00000000      1.980620     -3.687940     -0.199473
   288     -1.906767    0.00000000      1.980646     -3.687940     -0.199473
   289     -1.906742    0.00000000      1.980671     -3.687940     -0.199473
   290     -1.906719    0.00000000      1.980694     -3.687940     -0.199473
   291     -1.906698    0.00000000      1.980715     -3.687940     -0.199473
   292     -1.906678    0.00000000      1.980735     -3.687940     -0.199473
   293     -1.906660    0.00000000      1.980754     -3.687940     -0.199473
   294     -1.906642    0.00000000      1.980771     -3.687940     -0.199473
   295     -1.906626    0.00000000      1.980787     -3.687940     -0.199473
   296     -1.906612    0.00000000      1.980801     -3.687940     -0.199473
   297     -1.906598    0.00000000      1.980815     -3.687940     -0.199473
   298     -1.906585    0.00000000      1.980828     -3.687940     -0.199473
   299     -1.906574    0.00000000      1.980839     -3.687940     -0.199473
   300     -1.906563    0.00000000      1.980850     -3.687940     -0.199473
   301     -1.906553    0.00000000      1.980860     -3.687940     -0.199473
   302     -1.906544    0.00000000      1.980869     -3.687940     -0.199473
   303     -1.906535    0.00000000      1.980878     -3.687940     -0.199473
   304     -1.906528    0.00000000      1.980885     -3.687940     -0.199473
   305     -1.906521    0.00000000      1.980892     -3.687940     -0.199473
   306     -1.906514    0.00000000      1.980899     -3.687940     -0.199473
   307     -1.906509    0.00000000      1.980905     -3.687940     -0.199473
   308     -1.906503    0.00000000      1.980910     -3.687940     -0.199473
   309     -1.906498    0.00000000      1.980915     -3.687940     -0.199473
   310     -1.906494    0.00000000      1.980919     -3.687940     -0.199473
   311     -1.906490    0.00000000      1.980923     -3.687940     -0.199473
   312     -1.906486    0.00000000      1.980927     -3.687940     -0.199473
   313     -1.906485    0.00000000      1.980928     -3.687940     -0.199473
   314     -1.906485    0.00000000      1.980928     -3.687940     -0.199473
   315     -1.906485    0.00000000      1.980928     -3.687940     -0.199473
   316     -1.906485    0.00000000      1.980928     -3.687940     -0.199473
   317     -1.906485    0.00000000      1.980928     -3.687940     -0.199473
   318     -1.906485    0.00000000      1.980928     -3.687940     -0.199473
   319     -1.906485    0.00000000      1.980928     -3.687940     -0.199473
   320     -1.906485    0.00000000      1.980928     -3.687940     -0.199473
   321     -1.906485    0.00000000      1.980928     -3.687940     -0.199473
   322     -1.906485    0.00000000      1.980928     -3.687940     -0.199473
   323     -1.906485    0.00000000      1.980928     -3.687940     -0.199473
   324     -1.906485    0.00000000      1.980928     -3.687940     -0.199473
   325     -1.906485    0.00000000      1.980928     -3.687940     -0.199473
   326     -1.906485    0.00000000      1.980928     -3.687940     -0.199473
   327     -1.906485    0.00000000      1.980928     -3.687940     -0.199473
   328     -1.906485    0.00000000      1.980928     -3.687940     -0.199473
   329     -1.906485    0.00000000      1.980928     -3.687940     -0.199473
   330     -1.906485    0.00000000      1.980928     -3.687940     -0.199473
   331     -1.906485    0.00000000      1.980928     -3.687940     -0.199473
   332     -1.906485    0.00000000      1.980928     -3.687940     -0.199473
   333     -1.906485    0.00000000      1.980928     -3.687940     -0.199473
   334     -1.906485    0.00000000      1.980928     -3.687940     -0.199473
   335     -1.906485    0.00000000      1.980928     -3.687940     -0.199473
   336     -1.906485    0.00000000      1.980928     -3.687940     -0.199473
   337     -1.906485    0.00000000      1.980928     -3.687940     -0.199473
   338     -1.906485    0.00000000      1.980928     -3.687940     -0.199473
   339     -1.906485    0.00000000      1.980928     -3.687940     -0.199473
   340     -1.906485    0.00000000      1.980928     -3.687940     -0.199473
   341     -1.906485    0.00000000      1.980928     -3.687940     -0.199473
   342     -1.906485    0.00000000      1.980928     -3.687940     -0.199473
   343     -1.906485    0.00000000      1.980928     -3.687940     -0.199473
   344     -1.906485    0.00000000      1.980928     -3.687940     -0.199473
   345     -1.906485    0.00000000      1.980928     -3.687940     -0.199473
   346     -1.906485    0.00000000      1.980928     -3.687940     -0.199473
   347     -1.906485    0.00000000      1.980928     -3.687940     -0.199473
   348     -1.906485    0.00000000      1.980928     -3.687940     -0.199473
   349     -1.906485    0.00000000      1.980928     -3.687940     -0.199473
   350     -1.906485    0.00000000      1.980928     -3.687940     -0.199473
   351     -1.906485    0.00000000      1.980928     -3.687940     -0.199473
   352     -1.906485    0.00000000      1.980928     -3.687940     -0.199473
   353     -1.906485    0.00000000      1.980928     -3.687940     -0.199473
   354     -1.906485    0.00000000      1.980928     -3.687940     -0.199473
   355     -1.906485    0.00000000      1.980928     -3.687940     -0.199473
   356     -1.906485    0.00000000      1.980928     -3.687940     -0.199473
   357     -1.906485    0.00000000      1.980928     -3.687940     -0.199473
   358     -1.906485    0.00000000      1.980928     -3.687940     -0.199473
   359     -1.906485    0.00000000      1.980928     -3.687940     -0.199473
   360     -1.906485    0.00000000      1.980928     -3.687940     -0.199473
   361     -1.906485    0.00000000      1.980928     -3.687940     -0.199473
   362     -1.906485    0.00000000      1.980928     -3.687940     -0.199473
   363     -1.906485    0.00000000      1.980928     -3.687940     -0.199473
   364     -1.906485    0.00000000      1.980928     -3.687940     -0.199473
   365     -1.906485    0.00000000      1.980928     -3.687940     -0.199473
   366     -1.906485    0.00000000      1.980928     -3.687940     -0.199473
   367     -1.906485    0.00000000      1.980928     -3.687940     -0.199473
   368     -1.906485    0.00000000      1.980928     -3.687940     -0.199473
   369     -1.906485    0.00000000      1.980928     -3.687940     -0.199473
   370     -1.906485    0.00000000      1.980928     -3.687940     -0.199473
   371     -1.906485    0.00000000      1.980928     -3.687940     -0.199473
   372     -1.906485    0.00000000      1.980928     -3.687940     -0.199473
   373     -1.906485    0.00000000      1.980928     -3.687940     -0.199473
   374     -1.906485    0.00000000      1.980928     -3.687940     -0.199473
   375     -1.906485    0.00000000      1.980928     -3.687940     -0.199473
   376     -1.906485    0.00000000      1.980928     -3.687940     -0.199473
   377     -1.906485    0.00000000      1.980928     -3.687940     -0.199473
   378     -1.906485    0.00000000      1.980928     -3.687940     -0.199473
   379     -1.906485    0.00000000      1.980928     -3.687940     -0.199473
   380     -1.906485    0.00000000      1.980928     -3.687940     -0.199473
   381     -1.906485    0.00000000      1.980928     -3.687940     -0.199473
   382     -1.906485    0.00000000      1.980928     -3.687940     -0.199473
   383     -1.906485    0.00000000      1.980928     -3.687940     -0.199473
   384     -1.906485    0.00000000      1.980928     -3.687940     -0.199473
   385     -1.906485    0.00000000      1.980928     -3.687940     -0.199473
   386     -1.906485    0.00000000      1.980928     -3.687940     -0.199473
   387     -1.906485    0.00000000      1.980928     -3.687940     -0.199473
   388     -1.906485    0.00000000      1.980928     -3.687940     -0.199473
   389     -1.906485    0.00000000      1.980928     -3.687940     -0.199473
   390     -1.906485    0.00000000      1.980928     -3.687940     -0.199473
   391     -1.906485    0.00000000      1.980928     -3.687940     -0.199473
   392     -1.906485    0.00000000      1.980928     -3.687940     -0.199473
   393     -1.906485    0.00000000      1.980928     -3.687940     -0.199473
   394     -1.906485    0.00000000      1.980928     -3.687940     -0.199473
   395     -1.906485    0.00000000      1.980928     -3.687940     -0.199473
   396     -1.906485    0.00000000      1.980928     -3.687940     -0.199473
   397     -1.906485    0.00000000      1.980928     -3.687940     -0.199473
   398     -1.906485    0.00000000      1.980928     -3.687940     -0.199473
   399     -1.906485    0.00000000      1.980928     -3.687940     -0.199473
   400     -1.906485    0.00000000      1.980928     -3.687940     -0.199473
   401     -1.906485    0.00000000      1.980928     -3.687940     -0.199473
   402     -1.906485    0.00000000      1.980928     -3.687940     -0.199473
   403     -1.906485    0.00000000      1.980928     -3.687940     -0.199473
   404     -1.906485    0.00000000      1.980928     -3.687940     -0.199473
   405     -1.906485    0.00000000      1.980928     -3.687940     -0.199473
   406     -1.906485    0.00000000      1.980928     -3.687940     -0.199473
   407     -1.906485    0.00000000      1.980928     -3.687940     -0.199473
   408     -1.906485    0.00000000      1.980928     -3.687940     -0.199473
   409     -1.906485    0.00000000      1.980928     -3.687940     -0.199473
   410     -1.906485    0.00000000      1.980928     -3.687940     -0.199473
   411     -1.906485    0.00000000      1.980928     -3.687940     -0.199473
   412     -1.906485    0.00000000      1.980928     -3.687940     -0.199473
   413     -1.906485    0.00000000      1.980928     -3.687940     -0.199473
   414     -1.906485    0.00000000      1.980928     -3.687940     -0.199473
   415     -1.906485    0.00000000      1.980928     -3.687940     -0.199473
   416     -1.906485    0.00000000      1.980928     -3.687940     -0.199473
   417     -1.906485    0.00000000      1.980928     -3.687940     -0.199473
   418     -1.906485    0.00000000      1.980928     -3.687940     -0.199473
   419     -1.906485    0.00000000      1.980928     -3.687940     -0.199473
   420     -1.906485    0.00000000      1.980928     -3.687940     -0.199473
   421     -1.906485    0.00000000      1.980928     -3.687940     -0.199473
   422     -1.906485    0.00000000      1.980928     -3.687940     -0.199473
   423     -1.906485    0.00000000      1.980928     -3.687940     -0.199473
   424     -1.906485    0.00000000      1.980928     -3.687940     -0.199473
   425     -1.906485    0.00000000      1.980928     -3.687940     -0.199473
   426     -1.906485    0.00000000      1.980928     -3.687940     -0.199473
   427     -1.906485    0.00000000      1.980928     -3.687940     -0.199473
   428     -1.906485    0.00000000      1.980928     -3.687940     -0.199473
   429     -1.906485    0.00000000      1.980928     -3.687940     -0.199473
   430     -1.906485    0.00000000      1.980928     -3.687940     -0.199473
   431     -1.906485    0.00000000      1.980928     -3.687940     -0.199473
   432     -1.906485    0.00000000      1.980928     -3.687940     -0.199473
   433     -1.906485    0.00000000      1.980928     -3.687940     -0.199473
   434     -1.906485    0.00000000      1.980928     -3.687940     -0.199473
   435     -1.906485    0.00000000      1.980928     -3.687940     -0.199473
   436     -1.906485    0.00000000      1.980928     -3.687940     -0.199473
   437     -1.906485    0.00000000      1.980928     -3.687940     -0.199473
   438     -1.906485    0.00000000      1.980928     -3.687940     -0.199473
   439     -1.906485    0.00000000      1.980928     -3.687940     -0.199473
   440     -1.906485    0.00000000      1.980928     -3.687940     -0.199473
   441     -1.906485    0.00000000      1.980928     -3.687940     -0.199473
   442     -1.906485    0.00000000      1.980928     -3.687940     -0.199473
   443     -1.906485    0.00000000      1.980928     -3.687940     -0.199473
   444     -1.906485    0.00000000      1.980928     -3.687940     -0.199473
   445     -1.906485    0.00000000      1.980928     -3.687940     -0.199473
   446     -1.906485    0.00000000      1.980928     -3.687940     -0.199473
   447     -1.906485    0.00000000      1.980928     -3.687940     -0.199473
   448     -1.906485    0.00000000      1.980928     -3.687940     -0.199473
   449     -1.906485    0.00000000      1.980928     -3.687940     -0.199473
   450     -1.906485    0.00000000      1.980928     -3.687940     -0.199473
   451     -1.906485    0.00000000      1.980928     -3.687940     -0.199473
   452     -1.906485    0.00000000      1.980928     -3.687940     -0.199473
   453     -1.906485    0.00000000      1.980928     -3.687940     -0.199473
   454     -1.906485    0.00000000      1.980928     -3.687940     -0.199473
   455     -1.906485    0.00000000      1.980928     -3.687940     -0.199473
   456     -1.906485    0.00000000      1.980928     -3.687940     -0.199473
   457     -1.906485    0.00000000      1.980928     -3.687940     -0.199473
   458     -1.906485    0.00000000      1.980928     -3.687940     -0.199473
   459     -1.906485    0.00000000      1.980928     -3.687940     -0.199473
   460     -1.906485    0.00000000      1.980928     -3.687940     -0.199473
   461     -1.906485    0.00000000      1.980928     -3.687940     -0.199473
   462     -1.906485    0.00000000      1.980928     -3.687940     -0.199473
   463     -1.906485    0.00000000      1.980928     -3.687940     -0.199473
   464     -1.906485    0.00000000      1.980928     -3.687940     -0.199473
   465     -1.906485    0.00000000      1.980928     -3.687940     -0.199473
   466     -1.906485    0.00000000      1.980928     -3.687940     -0.199473
   467     -1.906485    0.00000000      1.980928     -3.687940     -0.199473
   468     -1.906485    0.00000000      1.980928     -3.687940     -0.199473
   469     -1.906485    0.00000000      1.980928     -3.687940     -0.199473
   470     -1.906485    0.00000000      1.980928     -3.687940     -0.199473
   471     -1.906485    0.00000000      1.980928     -3.687940     -0.199473
   472     -1.906485    0.00000000      1.980928     -3.687940     -0.199473
   473     -1.906485    0.00000000      1.980928     -3.687940     -0.199473
   474     -1.906485    0.00000000      1.980928     -3.687940     -0.199473
   475     -1.906485    0.00000000      1.980928     -3.687940     -0.199473
   476     -1.906485    0.00000000      1.980928     -3.687940     -0.199473
   477     -1.906485    0.00000000      1.980928     -3.687940     -0.199473
   478     -1.906485    0.00000000      1.980928     -3.687940     -0.199473
   479     -1.906485    0.00000000      1.980928     -3.687940     -0.199473
   480     -1.906485    0.00000000      1.980928     -3.687940     -0.199473
   481     -1.906485    0.00000000      1.980928     -3.687940     -0.199473
   482     -1.906485    0.00000000      1.980928     -3.687940     -0.199473
   483     -1.906485    0.00000000      1.980928     -3.687940     -0.199473
   484     -1.906485    0.00000000      1.980928     -3.687940     -0.199473
   485     -1.906485    0.00000000      1.980928     -3.687940     -0.199473
   486     -1.906485    0.00000000      1.980928     -3.687940     -0.199473
   487     -1.906485    0.00000000      1.980928     -3.687940     -0.199473
   488     -1.906485    0.00000000      1.980928     -3.687940     -0.199473
   489     -1.906485    0.00000000      1.980928     -3.687940     -0.199473
   490     -1.906485    0.00000000      1.980928     -3.687940     -0.199473
   491     -1.906485    0.00000000      1.980928     -3.687940     -0.199473
   492     -1.906485    0.00000000      1.980928     -3.687940     -0.199473
   493     -1.906485    0.00000000      1.980928     -3.687940     -0.199473
   494     -1.906485    0.00000000      1.980928     -3.687940     -0.199473
   495     -1.906485    0.00000000      1.980928     -3.687940     -0.199473
   496     -1.906485    0.00000000      1.980928     -3.687940     -0.199473
   497     -1.906485    0.00000000      1.980928     -3.687940     -0.199473
   498     -1.906485    0.00000000      1.980928     -3.687940     -0.199473
   499     -1.906485    0.00000000      1.980928     -3.687940     -0.199473
