# H3+ RealQM Convergence Data
# Columns: Step, Energy, Overlap, Kinetic, Potential, EE_Repulsion

     0     -1.461117    0.00037096      2.649342     -3.846823     -0.263637
     1     -1.510762    0.00030604      2.578159     -3.840409     -0.248513
     2     -1.562125    0.00025823      2.519417     -3.834440     -0.247101
     3     -1.604916    0.00022203      2.469708     -3.828834     -0.245790
     4     -1.641294    0.00019394      2.426797     -3.823531     -0.244560
     5     -1.672720    0.00017166      2.389161     -3.818483     -0.243398
     6     -1.700219    0.00015364      2.355729     -3.813655     -0.242292
     7     -1.724529    0.00013882      2.325728     -3.809021     -0.241236
     8     -1.746202    0.00012645      2.298577     -3.804557     -0.240222
     9     -1.765657    0.00011597      2.273836     -3.800246     -0.239247
    10     -1.783222    0.00010700      2.251156     -3.796074     -0.238305
    11     -1.799160    0.00009924      2.230263     -3.792029     -0.237394
    12     -1.813682    0.00009245      2.210931     -3.788101     -0.236512
    13     -1.826961    0.00008647      2.192975     -3.784281     -0.235655
    14     -1.839143    0.00008116      2.176243     -3.780563     -0.234823
    15     -1.850349    0.00007642      2.160605     -3.776940     -0.234013
    16     -1.860682    0.00007215      2.145949     -3.773407     -0.233225
    17     -1.870232    0.00006829      2.132182     -3.769958     -0.232456
    18     -1.879075    0.00006479      2.119223     -3.766591     -0.231707
    19     -1.887276    0.00006158      2.106999     -3.763300     -0.230976
    20     -1.894894    0.00005865      2.095450     -3.760083     -0.230261
    21     -1.901980    0.00005594      2.084521     -3.756937     -0.229564
    22     -1.908579    0.00005345      2.074162     -3.753859     -0.228882
    23     -1.914729    0.00005113      2.064332     -3.750846     -0.228216
    24     -1.920468    0.00004898      2.054992     -3.747896     -0.227564
    25     -1.925825    0.00004698      2.046108     -3.745007     -0.226926
    26     -1.930830    0.00004510      2.037650     -3.742178     -0.226302
    27     -1.935508    0.00004335      2.029589     -3.739405     -0.225692
    28     -1.939882    0.00004170      2.021900     -3.736689     -0.225094
    29     -1.943973    0.00004015      2.014561     -3.734026     -0.224508
    30     -1.947800    0.00003869      2.007551     -3.731416     -0.223935
    31     -1.951380    0.00003731      2.000851     -3.728857     -0.223373
    32     -1.954695    0.00003600      1.994477     -3.726348     -0.222823
    33     -1.957827    0.00003476      1.988346     -3.723889     -0.222284
    34     -1.960756    0.00003359      1.982476     -3.721476     -0.221756
    35     -1.963493    0.00003247      1.976856     -3.719110     -0.221239
    36     -1.966049    0.00003141      1.971473     -3.716790     -0.220732
    37     -1.968435    0.00003040      1.966314     -3.714514     -0.220235
    38     -1.970659    0.00002943      1.961370     -3.712281     -0.219748
    39     -1.972731    0.00002851      1.956630     -3.710091     -0.219270
    40     -1.974659    0.00002763      1.952086     -3.707943     -0.218802
    41     -1.976451    0.00002679      1.947729     -3.705836     -0.218343
    42     -1.978113    0.00002598      1.943550     -3.703769     -0.217894
    43     -1.979651    0.00002520      1.939543     -3.701741     -0.217453
    44     -1.981073    0.00002446      1.935700     -3.699752     -0.217021
    45     -1.982383    0.00002374      1.932014     -3.697800     -0.216597
    46     -1.983587    0.00002305      1.928481     -3.695886     -0.216182
    47     -1.984691    0.00002239      1.925092     -3.694008     -0.215775
    48     -1.985697    0.00002176      1.921845     -3.692166     -0.215376
    49     -1.986612    0.00002114      1.918732     -3.690359     -0.214985
    50     -1.987439    0.00002055      1.915749     -3.688587     -0.214601
    51     -1.988182    0.00001998      1.912893     -3.686849     -0.214225
    52     -1.988845    0.00001943      1.910157     -3.685144     -0.213857
    53     -1.989430    0.00001890      1.907538     -3.683473     -0.213496
    54     -1.989942    0.00001838      1.905033     -3.681833     -0.213142
    55     -1.990383    0.00001788      1.902637     -3.680225     -0.212795
    56     -1.990757    0.00001740      1.900347     -3.678649     -0.212455
    57     -1.991066    0.00001693      1.898160     -3.677103     -0.212122
    58     -1.991312    0.00001648      1.896071     -3.675587     -0.211796
    59     -1.991498    0.00001604      1.894079     -3.674101     -0.211476
    60     -1.991627    0.00001562      1.892181     -3.672645     -0.211163
    61     -1.991700    0.00001521      1.890372     -3.671217     -0.210856
    62     -1.991721    0.00001481      1.888652     -3.669817     -0.210555
    63     -1.991690    0.00001442      1.887016     -3.668446     -0.210260
    64     -1.991609    0.00001405      1.885464     -3.667101     -0.209972
    65     -1.991482    0.00001368      1.883991     -3.665784     -0.209689
    66     -1.991308    0.00001333      1.882597     -3.664493     -0.209412
    67     -1.991091    0.00001298      1.881279     -3.663229     -0.209141
    68     -1.990831    0.00001265      1.880034     -3.661990     -0.208875
    69     -1.990530    0.00001232      1.878861     -3.660776     -0.208615
    70     -1.990190    0.00001200      1.877758     -3.659587     -0.208361
    71     -1.989812    0.00001169      1.876723     -3.658423     -0.208112
    72     -1.989397    0.00001139      1.875754     -3.657283     -0.207868
    73     -1.988947    0.00001110      1.874849     -3.656167     -0.207629
    74     -1.988462    0.00001082      1.874007     -3.655074     -0.207395
    75     -1.987945    0.00001054      1.873225     -3.654004     -0.207166
    76     -1.987395    0.00001027      1.872504     -3.652956     -0.206943
    77     -1.986816    0.00001000      1.871839     -3.651931     -0.206724
    78     -1.986206    0.00000975      1.871232     -3.650928     -0.206510
    79     -1.985568    0.00000950      1.870679     -3.649946     -0.206300
    80     -1.984902    0.00000925      1.870179     -3.648986     -0.206095
    81     -1.984209    0.00000902      1.869732     -3.648046     -0.205895
    82     -1.983491    0.00000878      1.869335     -3.647127     -0.205699
    83     -1.982748    0.00000856      1.868987     -3.646228     -0.205507
    84     -1.981981    0.00000834      1.868688     -3.645349     -0.205320
    85     -1.981190    0.00000812      1.868436     -3.644489     -0.205137
    86     -1.980378    0.00000791      1.868229     -3.643649     -0.204958
    87     -1.979543    0.00000771      1.868067     -3.642827     -0.204783
    88     -1.978688    0.00000751      1.867949     -3.642025     -0.204612
    89     -1.977813    0.00000731      1.867872     -3.641240     -0.204445
    90     -1.976918    0.00000712      1.867837     -3.640473     -0.204282
    91     -1.976005    0.00000694      1.867842     -3.639724     -0.204123
    92     -1.975074    0.00000675      1.867886     -3.638993     -0.203967
    93     -1.974126    0.00000658      1.867968     -3.638278     -0.203815
    94     -1.973161    0.00000640      1.868087     -3.637580     -0.203667
    95     -1.972179    0.00000623      1.868242     -3.636899     -0.203522
    96     -1.971183    0.00000607      1.868432     -3.636234     -0.203381
    97     -1.970171    0.00000591      1.868656     -3.635584     -0.203243
    98     -1.969146    0.00000575      1.868914     -3.634951     -0.203109
    99     -1.968106    0.00000560      1.869203     -3.634333     -0.202977
   100     -1.967054    0.00000545      1.869525     -3.633729     -0.202849
   101     -1.965989    0.00000530      1.869876     -3.633141     -0.202724
   102     -1.964912    0.00000516      1.870258     -3.632567     -0.202603
   103     -1.963823    0.00000502      1.870668     -3.632008     -0.202484
   104     -1.962724    0.00000488      1.871107     -3.631462     -0.202368
   105     -1.961614    0.00000474      1.871572     -3.630930     -0.202256
   106     -1.960494    0.00000461      1.872064     -3.630412     -0.202146
   107     -1.959364    0.00000449      1.872581     -3.629907     -0.202039
   108     -1.958226    0.00000436      1.873124     -3.629415     -0.201934
   109     -1.957078    0.00000424      1.873690     -3.628936     -0.201833
   110     -1.955923    0.00000412      1.874280     -3.628469     -0.201734
   111     -1.954760    0.00000401      1.874892     -3.628015     -0.201638
   112     -1.953590    0.00000389      1.875526     -3.627572     -0.201544
   113     -1.952413    0.00000378      1.876182     -3.627142     -0.201453
   114     -1.951229    0.00000367      1.876857     -3.626723     -0.201364
   115     -1.950040    0.00000357      1.877553     -3.626315     -0.201278
   116     -1.948845    0.00000346      1.878267     -3.625919     -0.201194
   117     -1.947645    0.00000336      1.879000     -3.625533     -0.201112
   118     -1.946440    0.00000327      1.879750     -3.625158     -0.201033
   119     -1.945231    0.00000317      1.880518     -3.624793     -0.200955
   120     -1.944018    0.00000308      1.881301     -3.624439     -0.200880
   121     -1.942802    0.00000298      1.882101     -3.624095     -0.200808
   122     -1.941582    0.00000290      1.882915     -3.623760     -0.200737
   123     -1.940359    0.00000281      1.883744     -3.623435     -0.200668
   124     -1.939134    0.00000272      1.884587     -3.623120     -0.200601
   125     -1.937907    0.00000264      1.885443     -3.622814     -0.200537
   126     -1.936678    0.00000256      1.886312     -3.622516     -0.200474
   127     -1.935447    0.00000248      1.887193     -3.622228     -0.200413
   128     -1.934216    0.00000240      1.888085     -3.621948     -0.200353
   129     -1.932984    0.00000233      1.888988     -3.621677     -0.200296
   130     -1.931752    0.00000226      1.889902     -3.621413     -0.200240
   131     -1.930519    0.00000218      1.890825     -3.621158     -0.200186
   132     -1.929287    0.00000212      1.891758     -3.620911     -0.200134
   133     -1.928056    0.00000205      1.892699     -3.620671     -0.200083
   134     -1.926825    0.00000198      1.893648     -3.620439     -0.200034
   135     -1.925596    0.00000192      1.894605     -3.620214     -0.199987
   136     -1.924368    0.00000185      1.895569     -3.619996     -0.199941
   137     -1.923142    0.00000179      1.896539     -3.619785     -0.199896
   138     -1.921919    0.00000173      1.897516     -3.619581     -0.199853
   139     -1.920697    0.00000168      1.898498     -3.619384     -0.199811
   140     -1.919479    0.00000162      1.899485     -3.619193     -0.199771
   141     -1.918264    0.00000156      1.900476     -3.619008     -0.199732
   142     -1.917052    0.00000151      1.901472     -3.618830     -0.199694
   143     -1.915843    0.00000146      1.902472     -3.618658     -0.199657
   144     -1.914639    0.00000141      1.903474     -3.618491     -0.199622
   145     -1.913439    0.00000136      1.904479     -3.618330     -0.199588
   146     -1.912243    0.00000131      1.905487     -3.618175     -0.199555
   147     -1.911052    0.00000127      1.906496     -3.618025     -0.199524
   148     -1.909866    0.00000122      1.907507     -3.617880     -0.199493
   149     -1.908685    0.00000118      1.908519     -3.617740     -0.199463
   150     -1.907509    0.00000113      1.909531     -3.617605     -0.199435
   151     -1.906340    0.00000109      1.910543     -3.617476     -0.199407
   152     -1.905176    0.00000105      1.911556     -3.617350     -0.199381
   153     -1.904018    0.00000101      1.912567     -3.617230     -0.199355
   154     -1.902867    0.00000098      1.913577     -3.617114     -0.199331
   155     -1.901723    0.00000094      1.914586     -3.617002     -0.199307
   156     -1.900585    0.00000090      1.915593     -3.616894     -0.199284
   157     -1.899455    0.00000087      1.916598     -3.616790     -0.199263
   158     -1.898332    0.00000084      1.917601     -3.616691     -0.199241
   159     -1.897216    0.00000080      1.918600     -3.616595     -0.199221
   160     -1.896108    0.00000077      1.919596     -3.616503     -0.199202
   161     -1.895008    0.00000074      1.920589     -3.616414     -0.199183
   162     -1.893916    0.00000071      1.921578     -3.616329     -0.199165
   163     -1.892833    0.00000068      1.922562     -3.616247     -0.199148
   164     -1.891758    0.00000066      1.923542     -3.616169     -0.199131
   165     -1.890692    0.00000063      1.924517     -3.616094     -0.199115
   166     -1.889634    0.00000060      1.925487     -3.616021     -0.199100
   167     -1.888586    0.00000058      1.926451     -3.615952     -0.199085
   168     -1.887547    0.00000055      1.927410     -3.615886     -0.199071
   169     -1.886517    0.00000053      1.928363     -3.615822     -0.199058
   170     -1.885497    0.00000051      1.929309     -3.615761     -0.199045
   171     -1.884487    0.00000049      1.930249     -3.615703     -0.199032
   172     -1.883486    0.00000046      1.931182     -3.615647     -0.199021
   173     -1.882495    0.00000044      1.932108     -3.615594     -0.199009
   174     -1.881515    0.00000042      1.933027     -3.615543     -0.198998
   175     -1.880544    0.00000041      1.933938     -3.615494     -0.198988
   176     -1.879584    0.00000039      1.934841     -3.615447     -0.198978
   177     -1.878635    0.00000037      1.935737     -3.615403     -0.198969
   178     -1.877696    0.00000035      1.936624     -3.615360     -0.198960
   179     -1.876768    0.00000034      1.937503     -3.615320     -0.198951
   180     -1.875851    0.00000032      1.938373     -3.615281     -0.198943
   181     -1.874945    0.00000031      1.939235     -3.615244     -0.198935
   182     -1.874049    0.00000029      1.940088     -3.615209     -0.198928
   183     -1.873165    0.00000028      1.940931     -3.615176     -0.198921
   184     -1.872292    0.00000026      1.941765     -3.615144     -0.198914
   185     -1.871431    0.00000025      1.942590     -3.615113     -0.198907
   186     -1.870580    0.00000024      1.943406     -3.615085     -0.198901
   187     -1.869741    0.00000023      1.944211     -3.615057     -0.198896
   188     -1.868914    0.00000022      1.945007     -3.615031     -0.198890
   189     -1.868098    0.00000021      1.945793     -3.615006     -0.198885
   190     -1.867294    0.00000019      1.946568     -3.614983     -0.198880
   191     -1.866502    0.00000018      1.947334     -3.614960     -0.198875
   192     -1.865721    0.00000018      1.948089     -3.614939     -0.198871
   193     -1.864952    0.00000017      1.948834     -3.614919     -0.198866
   194     -1.864195    0.00000016      1.949568     -3.614900     -0.198862
   195     -1.863449    0.00000015      1.950291     -3.614882     -0.198858
   196     -1.862716    0.00000014      1.951004     -3.614865     -0.198855
   197     -1.861994    0.00000013      1.951707     -3.614849     -0.198851
   198     -1.861284    0.00000013      1.952398     -3.614834     -0.198848
   199     -1.860586    0.00000012      1.953079     -3.614820     -0.198845
   200     -1.859900    0.00000011      1.953748     -3.614806     -0.198842
   201     -1.859226    0.00000011      1.954407     -3.614793     -0.198839
   202     -1.858563    0.00000010      1.955055     -3.614781     -0.198837
   203     -1.857913    0.00000009      1.955691     -3.614770     -0.198834
   204     -1.857274    0.00000009      1.956317     -3.614759     -0.198832
   205     -1.856647    0.00000008      1.956932     -3.614749     -0.198830
   206     -1.856032    0.00000008      1.957535     -3.614739     -0.198828
   207     -1.855429    0.00000007      1.958128     -3.614730     -0.198826
   208     -1.854837    0.00000007      1.958709     -3.614722     -0.198824
   209     -1.854257    0.00000006      1.959280     -3.614714     -0.198823
   210     -1.853689    0.00000006      1.959839     -3.614707     -0.198821
   211     -1.853132    0.00000006      1.960387     -3.614700     -0.198820
   212     -1.852586    0.00000005      1.960925     -3.614693     -0.198818
   213     -1.852053    0.00000005      1.961451     -3.614687     -0.198817
   214     -1.851530    0.00000005      1.961967     -3.614681     -0.198816
   215     -1.851019    0.00000004      1.962471     -3.614676     -0.198815
   216     -1.850519    0.00000004      1.962965     -3.614671     -0.198813
   217     -1.850031    0.00000004      1.963448     -3.614666     -0.198812
   218     -1.849553    0.00000004      1.963920     -3.614662     -0.198812
   219     -1.849087    0.00000003      1.964382     -3.614658     -0.198811
   220     -1.848631    0.00000003      1.964833     -3.614654     -0.198810
   221     -1.848186    0.00000003      1.965273     -3.614651     -0.198809
   222     -1.847752    0.00000003      1.965704     -3.614647     -0.198808
   223     -1.847329    0.00000002      1.966123     -3.614644     -0.198808
   224     -1.846916    0.00000002      1.966533     -3.614641     -0.198807
   225     -1.846514    0.00000002      1.966932     -3.614639     -0.198807
   226     -1.846121    0.00000002      1.967321     -3.614636     -0.198806
   227     -1.845739    0.00000002      1.967700     -3.614634     -0.198806
   228     -1.845368    0.00000002      1.968070     -3.614632     -0.198805
   229     -1.845006    0.00000002      1.968429     -3.614630     -0.198805
   230     -1.844654    0.00000001      1.968779     -3.614628     -0.198804
   231     -1.844311    0.00000001      1.969119     -3.614627     -0.198804
   232     -1.843979    0.00000001      1.969450     -3.614625     -0.198804
   233     -1.843656    0.00000001      1.969772     -3.614624     -0.198803
   234     -1.843342    0.00000001      1.970084     -3.614622     -0.198803
   235     -1.843037    0.00000001      1.970387     -3.614621     -0.198803
   236     -1.842741    0.00000001      1.970681     -3.614620     -0.198803
   237     -1.842455    0.00000001      1.970967     -3.614619     -0.198802
   238     -1.842177    0.00000001      1.971244     -3.614618     -0.198802
   239     -1.841907    0.00000001      1.971512     -3.614617     -0.198802
   240     -1.841647    0.00000001      1.971772     -3.614617     -0.198802
   241     -1.841394    0.00000001      1.972023     -3.614616     -0.198802
   242     -1.841150    0.00000001      1.972267     -3.614615     -0.198802
   243     -1.840914    0.00000000      1.972502     -3.614615     -0.198801
   244     -1.840685    0.00000000      1.972730     -3.614614     -0.198801
   245     -1.840465    0.00000000      1.972950     -3.614614     -0.198801
   246     -1.840252    0.00000000      1.973162     -3.614613     -0.198801
   247     -1.840046    0.00000000      1.973367     -3.614613     -0.198801
   248     -1.839848    0.00000000      1.973565     -3.614612     -0.198801
   249     -1.839657    0.00000000      1.973756     -3.614612     -0.198801
   250     -1.839473    0.00000000      1.973940     -3.614612     -0.198801
   251     -1.839296    0.00000000      1.974117     -3.614611     -0.198801
   252     -1.839125    0.00000000      1.974287     -3.614611     -0.198801
   253     -1.838961    0.00000000      1.974451     -3.614611     -0.198801
   254     -1.838803    0.00000000      1.974608     -3.614611     -0.198801
   255     -1.838651    0.00000000      1.974760     -3.614611     -0.198801
   256     -1.838506    0.00000000      1.974905     -3.614610     -0.198801
   257     -1.838366    0.00000000      1.975045     -3.614610     -0.198800
   258     -1.838232    0.00000000      1.975178     -3.614610     -0.198800
   259     -1.838104    0.00000000      1.975307     -3.614610     -0.198800
   260     -1.837981    0.00000000      1.975429     -3.614610     -0.198800
   261     -1.837863    0.00000000      1.975547     -3.614610     -0.198800
   262     -1.837751    0.00000000      1.975659     -3.614610     -0.198800
   263     -1.837643    0.00000000      1.975767     -3.614610     -0.198800
   264     -1.837541    0.00000000      1.975869     -3.614610     -0.198800
   265     -1.837443    0.00000000      1.975967     -3.614610     -0.198800
   266     -1.837349    0.00000000      1.976061     -3.614609     -0.198800
   267     -1.837260    0.00000000      1.976150     -3.614609     -0.198800
   268     -1.837175    0.00000000      1.976235     -3.614609     -0.198800
   269     -1.837094    0.00000000      1.976315     -3.614609     -0.198800
   270     -1.837017    0.00000000      1.976392     -3.614609     -0.198800
   271     -1.836944    0.00000000      1.976465     -3.614609     -0.198800
   272     -1.836875    0.00000000      1.976534     -3.614609     -0.198800
   273     -1.836809    0.00000000      1.976600     -3.614609     -0.198800
   274     -1.836747    0.00000000      1.976663     -3.614609     -0.198800
   275     -1.836688    0.00000000      1.976722     -3.614609     -0.198800
   276     -1.836632    0.00000000      1.976777     -3.614609     -0.198800
   277     -1.836579    0.00000000      1.976830     -3.614609     -0.198800
   278     -1.836529    0.00000000      1.976880     -3.614609     -0.198800
   279     -1.836482    0.00000000      1.976927     -3.614609     -0.198800
   280     -1.836438    0.00000000      1.976971     -3.614609     -0.198800
   281     -1.836396    0.00000000      1.977013     -3.614609     -0.198800
   282     -1.836357    0.00000000      1.977053     -3.614609     -0.198800
   283     -1.836320    0.00000000      1.977090     -3.614609     -0.198800
   284     -1.836285    0.00000000      1.977124     -3.614609     -0.198800
   285     -1.836252    0.00000000      1.977157     -3.614609     -0.198800
   286     -1.836222    0.00000000      1.977188     -3.614609     -0.198800
   287     -1.836193    0.00000000      1.977216     -3.614609     -0.198800
   288     -1.836166    0.00000000      1.977243     -3.614609     -0.198800
   289     -1.836141    0.00000000      1.977268     -3.614609     -0.198800
   290     -1.836118    0.00000000      1.977291     -3.614609     -0.198800
   291     -1.836096    0.00000000      1.977313     -3.614609     -0.198800
   292     -1.836076    0.00000000      1.977334     -3.614609     -0.198800
   293     -1.836057    0.00000000      1.977352     -3.614609     -0.198800
   294     -1.836039    0.00000000      1.977370     -3.614609     -0.198800
   295     -1.836023    0.00000000      1.977386     -3.614609     -0.198800
   296     -1.836008    0.00000000      1.977401     -3.614609     -0.198800
   297     -1.835994    0.00000000      1.977415     -3.614609     -0.198800
   298     -1.835981    0.00000000      1.977428     -3.614609     -0.198800
   299     -1.835969    0.00000000      1.977440     -3.614609     -0.198800
   300     -1.835958    0.00000000      1.977451     -3.614609     -0.198800
   301     -1.835948    0.00000000      1.977461     -3.614609     -0.198800
   302     -1.835939    0.00000000      1.977470     -3.614609     -0.198800
   303     -1.835930    0.00000000      1.977479     -3.614609     -0.198800
   304     -1.835923    0.00000000      1.977487     -3.614609     -0.198800
   305     -1.835915    0.00000000      1.977494     -3.614609     -0.198800
   306     -1.835909    0.00000000      1.977501     -3.614609     -0.198800
   307     -1.835903    0.00000000      1.977507     -3.614609     -0.198800
   308     -1.835897    0.00000000      1.977512     -3.614609     -0.198800
   309     -1.835892    0.00000000      1.977517     -3.614609     -0.198800
   310     -1.835888    0.00000000      1.977521     -3.614609     -0.198800
   311     -1.835884    0.00000000      1.977525     -3.614609     -0.198800
   312     -1.835880    0.00000000      1.977529     -3.614609     -0.198800
   313     -1.835878    0.00000000      1.977531     -3.614609     -0.198800
   314     -1.835878    0.00000000      1.977531     -3.614609     -0.198800
   315     -1.835878    0.00000000      1.977531     -3.614609     -0.198800
   316     -1.835878    0.00000000      1.977531     -3.614609     -0.198800
   317     -1.835878    0.00000000      1.977531     -3.614609     -0.198800
   318     -1.835878    0.00000000      1.977531     -3.614609     -0.198800
   319     -1.835879    0.00000000      1.977531     -3.614609     -0.198800
   320     -1.835879    0.00000000      1.977531     -3.614609     -0.198800
   321     -1.835879    0.00000000      1.977531     -3.614609     -0.198800
   322     -1.835879    0.00000000      1.977531     -3.614609     -0.198800
   323     -1.835879    0.00000000      1.977531     -3.614609     -0.198800
   324     -1.835879    0.00000000      1.977531     -3.614609     -0.198800
   325     -1.835879    0.00000000      1.977531     -3.614609     -0.198800
   326     -1.835879    0.00000000      1.977531     -3.614609     -0.198800
   327     -1.835879    0.00000000      1.977531     -3.614609     -0.198800
   328     -1.835879    0.00000000      1.977531     -3.614609     -0.198800
   329     -1.835879    0.00000000      1.977531     -3.614609     -0.198800
   330     -1.835879    0.00000000      1.977531     -3.614609     -0.198800
   331     -1.835879    0.00000000      1.977531     -3.614609     -0.198800
   332     -1.835879    0.00000000      1.977531     -3.614609     -0.198800
   333     -1.835879    0.00000000      1.977531     -3.614609     -0.198800
   334     -1.835879    0.00000000      1.977531     -3.614609     -0.198800
   335     -1.835879    0.00000000      1.977531     -3.614609     -0.198800
   336     -1.835879    0.00000000      1.977531     -3.614609     -0.198800
   337     -1.835879    0.00000000      1.977531     -3.614609     -0.198800
   338     -1.835879    0.00000000      1.977531     -3.614609     -0.198800
   339     -1.835879    0.00000000      1.977531     -3.614609     -0.198800
   340     -1.835879    0.00000000      1.977531     -3.614609     -0.198800
   341     -1.835879    0.00000000      1.977531     -3.614609     -0.198800
   342     -1.835879    0.00000000      1.977531     -3.614609     -0.198800
   343     -1.835879    0.00000000      1.977531     -3.614609     -0.198800
   344     -1.835879    0.00000000      1.977531     -3.614609     -0.198800
   345     -1.835879    0.00000000      1.977531     -3.614609     -0.198800
   346     -1.835879    0.00000000      1.977531     -3.614609     -0.198800
   347     -1.835879    0.00000000      1.977531     -3.614609     -0.198800
   348     -1.835879    0.00000000      1.977531     -3.614609     -0.198800
   349     -1.835879    0.00000000      1.977531     -3.614609     -0.198800
   350     -1.835879    0.00000000      1.977531     -3.614609     -0.198800
   351     -1.835879    0.00000000      1.977531     -3.614609     -0.198800
   352     -1.835879    0.00000000      1.977531     -3.614609     -0.198800
   353     -1.835879    0.00000000      1.977531     -3.614609     -0.198800
   354     -1.835879    0.00000000      1.977531     -3.614609     -0.198800
   355     -1.835879    0.00000000      1.977531     -3.614609     -0.198800
   356     -1.835879    0.00000000      1.977531     -3.614609     -0.198800
   357     -1.835879    0.00000000      1.977531     -3.614609     -0.198800
   358     -1.835879    0.00000000      1.977531     -3.614609     -0.198800
   359     -1.835879    0.00000000      1.977531     -3.614609     -0.198800
   360     -1.835879    0.00000000      1.977531     -3.614609     -0.198800
   361     -1.835879    0.00000000      1.977531     -3.614609     -0.198800
   362     -1.835879    0.00000000      1.977531     -3.614609     -0.198800
   363     -1.835879    0.00000000      1.977531     -3.614609     -0.198800
   364     -1.835879    0.00000000      1.977531     -3.614609     -0.198800
   365     -1.835879    0.00000000      1.977531     -3.614609     -0.198800
   366     -1.835879    0.00000000      1.977531     -3.614609     -0.198800
   367     -1.835879    0.00000000      1.977531     -3.614609     -0.198800
   368     -1.835879    0.00000000      1.977531     -3.614609     -0.198800
   369     -1.835879    0.00000000      1.977531     -3.614609     -0.198800
   370     -1.835879    0.00000000      1.977531     -3.614609     -0.198800
   371     -1.835879    0.00000000      1.977531     -3.614609     -0.198800
   372     -1.835879    0.00000000      1.977531     -3.614609     -0.198800
   373     -1.835879    0.00000000      1.977531     -3.614609     -0.198800
   374     -1.835879    0.00000000      1.977531     -3.614609     -0.198800
   375     -1.835879    0.00000000      1.977531     -3.614609     -0.198800
   376     -1.835879    0.00000000      1.977531     -3.614609     -0.198800
   377     -1.835879    0.00000000      1.977531     -3.614609     -0.198800
   378     -1.835879    0.00000000      1.977531     -3.614609     -0.198800
   379     -1.835879    0.00000000      1.977531     -3.614609     -0.198800
   380     -1.835879    0.00000000      1.977531     -3.614609     -0.198800
   381     -1.835879    0.00000000      1.977531     -3.614609     -0.198800
   382     -1.835879    0.00000000      1.977531     -3.614609     -0.198800
   383     -1.835879    0.00000000      1.977531     -3.614609     -0.198800
   384     -1.835879    0.00000000      1.977531     -3.614609     -0.198800
   385     -1.835879    0.00000000      1.977531     -3.614609     -0.198800
   386     -1.835879    0.00000000      1.977531     -3.614609     -0.198800
   387     -1.835879    0.00000000      1.977531     -3.614609     -0.198800
   388     -1.835879    0.00000000      1.977531     -3.614609     -0.198800
   389     -1.835879    0.00000000      1.977531     -3.614609     -0.198800
   390     -1.835879    0.00000000      1.977531     -3.614609     -0.198800
   391     -1.835879    0.00000000      1.977531     -3.614609     -0.198800
   392     -1.835879    0.00000000      1.977531     -3.614609     -0.198800
   393     -1.835879    0.00000000      1.977531     -3.614609     -0.198800
   394     -1.835879    0.00000000      1.977531     -3.614609     -0.198800
   395     -1.835879    0.00000000      1.977531     -3.614609     -0.198800
   396     -1.835879    0.00000000      1.977531     -3.614609     -0.198800
   397     -1.835879    0.00000000      1.977531     -3.614609     -0.198800
   398     -1.835879    0.00000000      1.977531     -3.614609     -0.198800
   399     -1.835879    0.00000000      1.977531     -3.614609     -0.198800
   400     -1.835879    0.00000000      1.977531     -3.614609     -0.198800
   401     -1.835879    0.00000000      1.977531     -3.614609     -0.198800
   402     -1.835879    0.00000000      1.977531     -3.614609     -0.198800
   403     -1.835879    0.00000000      1.977531     -3.614609     -0.198800
   404     -1.835879    0.00000000      1.977531     -3.614609     -0.198800
   405     -1.835879    0.00000000      1.977531     -3.614609     -0.198800
   406     -1.835879    0.00000000      1.977531     -3.614609     -0.198800
   407     -1.835879    0.00000000      1.977531     -3.614609     -0.198800
   408     -1.835879    0.00000000      1.977531     -3.614609     -0.198800
   409     -1.835879    0.00000000      1.977531     -3.614609     -0.198800
   410     -1.835879    0.00000000      1.977531     -3.614609     -0.198800
   411     -1.835879    0.00000000      1.977531     -3.614609     -0.198800
   412     -1.835879    0.00000000      1.977531     -3.614609     -0.198800
   413     -1.835879    0.00000000      1.977531     -3.614609     -0.198800
   414     -1.835879    0.00000000      1.977531     -3.614609     -0.198800
   415     -1.835879    0.00000000      1.977531     -3.614609     -0.198800
   416     -1.835879    0.00000000      1.977531     -3.614609     -0.198800
   417     -1.835879    0.00000000      1.977531     -3.614609     -0.198800
   418     -1.835879    0.00000000      1.977531     -3.614609     -0.198800
   419     -1.835879    0.00000000      1.977531     -3.614609     -0.198800
   420     -1.835879    0.00000000      1.977531     -3.614609     -0.198800
   421     -1.835879    0.00000000      1.977531     -3.614609     -0.198800
   422     -1.835879    0.00000000      1.977531     -3.614609     -0.198800
   423     -1.835879    0.00000000      1.977531     -3.614609     -0.198800
   424     -1.835879    0.00000000      1.977531     -3.614609     -0.198800
   425     -1.835879    0.00000000      1.977531     -3.614609     -0.198800
   426     -1.835879    0.00000000      1.977531     -3.614609     -0.198800
   427     -1.835879    0.00000000      1.977531     -3.614609     -0.198800
   428     -1.835879    0.00000000      1.977531     -3.614609     -0.198800
   429     -1.835879    0.00000000      1.977531     -3.614609     -0.198800
   430     -1.835879    0.00000000      1.977531     -3.614609     -0.198800
   431     -1.835879    0.00000000      1.977531     -3.614609     -0.198800
   432     -1.835879    0.00000000      1.977531     -3.614609     -0.198800
   433     -1.835879    0.00000000      1.977531     -3.614609     -0.198800
   434     -1.835879    0.00000000      1.977531     -3.614609     -0.198800
   435     -1.835879    0.00000000      1.977531     -3.614609     -0.198800
   436     -1.835879    0.00000000      1.977531     -3.614609     -0.198800
   437     -1.835879    0.00000000      1.977531     -3.614609     -0.198800
   438     -1.835879    0.00000000      1.977531     -3.614609     -0.198800
   439     -1.835879    0.00000000      1.977531     -3.614609     -0.198800
   440     -1.835879    0.00000000      1.977531     -3.614609     -0.198800
   441     -1.835879    0.00000000      1.977531     -3.614609     -0.198800
   442     -1.835879    0.00000000      1.977531     -3.614609     -0.198800
   443     -1.835879    0.00000000      1.977531     -3.614609     -0.198800
   444     -1.835879    0.00000000      1.977531     -3.614609     -0.198800
   445     -1.835879    0.00000000      1.977531     -3.614609     -0.198800
   446     -1.835879    0.00000000      1.977531     -3.614609     -0.198800
   447     -1.835879    0.00000000      1.977531     -3.614609     -0.198800
   448     -1.835879    0.00000000      1.977531     -3.614609     -0.198800
   449     -1.835879    0.00000000      1.977531     -3.614609     -0.198800
   450     -1.835879    0.00000000      1.977531     -3.614609     -0.198800
   451     -1.835879    0.00000000      1.977531     -3.614609     -0.198800
   452     -1.835879    0.00000000      1.977531     -3.614609     -0.198800
   453     -1.835879    0.00000000      1.977531     -3.614609     -0.198800
   454     -1.835879    0.00000000      1.977531     -3.614609     -0.198800
   455     -1.835879    0.00000000      1.977531     -3.614609     -0.198800
   456     -1.835879    0.00000000      1.977531     -3.614609     -0.198800
   457     -1.835879    0.00000000      1.977531     -3.614609     -0.198800
   458     -1.835879    0.00000000      1.977531     -3.614609     -0.198800
   459     -1.835879    0.00000000      1.977531     -3.614609     -0.198800
   460     -1.835879    0.00000000      1.977531     -3.614609     -0.198800
   461     -1.835879    0.00000000      1.977531     -3.614609     -0.198800
   462     -1.835879    0.00000000      1.977531     -3.614609     -0.198800
   463     -1.835879    0.00000000      1.977531     -3.614609     -0.198800
   464     -1.835879    0.00000000      1.977531     -3.614609     -0.198800
   465     -1.835879    0.00000000      1.977531     -3.614609     -0.198800
   466     -1.835879    0.00000000      1.977531     -3.614609     -0.198800
   467     -1.835879    0.00000000      1.977531     -3.614609     -0.198800
   468     -1.835879    0.00000000      1.977531     -3.614609     -0.198800
   469     -1.835879    0.00000000      1.977531     -3.614609     -0.198800
   470     -1.835879    0.00000000      1.977531     -3.614609     -0.198800
   471     -1.835879    0.00000000      1.977531     -3.614609     -0.198800
   472     -1.835879    0.00000000      1.977531     -3.614609     -0.198800
   473     -1.835879    0.00000000      1.977531     -3.614609     -0.198800
   474     -1.835879    0.00000000      1.977531     -3.614609     -0.198800
   475     -1.835879    0.00000000      1.977531     -3.614609     -0.198800
   476     -1.835879    0.00000000      1.977531     -3.614609     -0.198800
   477     -1.835879    0.00000000      1.977531     -3.614609     -0.198800
   478     -1.835879    0.00000000      1.977531     -3.614609     -0.198800
   479     -1.835879    0.00000000      1.977531     -3.614609     -0.198800
   480     -1.835879    0.00000000      1.977531     -3.614609     -0.198800
   481     -1.835879    0.00000000      1.977531     -3.614609     -0.198800
   482     -1.835879    0.00000000      1.977531     -3.614609     -0.198800
   483     -1.835879    0.00000000      1.977531     -3.614609     -0.198800
   484     -1.835879    0.00000000      1.977531     -3.614609     -0.198800
   485     -1.835879    0.00000000      1.977531     -3.614609     -0.198800
   486     -1.835879    0.00000000      1.977531     -3.614609     -0.198800
   487     -1.835879    0.00000000      1.977531     -3.614609     -0.198800
   488     -1.835879    0.00000000      1.977531     -3.614609     -0.198800
   489     -1.835879    0.00000000      1.977531     -3.614609     -0.198800
   490     -1.835879    0.00000000      1.977531     -3.614609     -0.198800
   491     -1.835879    0.00000000      1.977531     -3.614609     -0.198800
   492     -1.835879    0.00000000      1.977531     -3.614609     -0.198800
   493     -1.835879    0.00000000      1.977531     -3.614609     -0.198800
   494     -1.835879    0.00000000      1.977531     -3.614609     -0.198800
   495     -1.835879    0.00000000      1.977531     -3.614609     -0.198800
   496     -1.835879    0.00000000      1.977531     -3.614609     -0.198800
   497     -1.835879    0.00000000      1.977531     -3.614609     -0.198800
   498     -1.835879    0.00000000      1.977531     -3.614609     -0.198800
   499     -1.835879    0.00000000      1.977531     -3.614609     -0.198800
